Transcript	CNT.21	CNT.28	CNT.35	CNT.42	CNT.49	CNT.56	CNT.63	CNT.70
Sobic.002G010100	0.465920883452727	18.0680118934346	101.590955017777	221.012059852239	547.420964743903	1703.358855236	2646.13472929813	3203.07965986824
Sobic.010G254300	4390.75739354921	1281.46496803711	1316.29659250204	735.138094267207	283.37085233802	172.734458722013	94.7477025953786	76.2647567327809
Sobic.002G342100	0	0	0	0	0	17.0314855929594	108.889475603472	159.034102595548
Sobic.010G085400	10.4234058380222	244.028013066285	1473.38783395727	1970.84829310955	2308.02339105995	2728.04348672747	2863.55577903112	2811.32617083356
Sobic.005G203200	0.465920883452727	0	0	0	0	2.8038902722363	3.79126677078473	2.27046959293999
Sobic.001G086500	472.294880112195	1250.81466774232	4846.67854250211	5091.60913015701	6920.04501902734	6295.65087322474	7628.62001556476	8134.94402748354
Sobic.009G063400	6406.37472227877	9700.5082690316	8662.99883226446	4563.3045370474	5066.86404720312	2291.91389900263	2405.09980048497	2209.43832142632
Sobic.002G160800	66.1904553754074	84.6832351974777	107.684229725076	74.2137678856921	46.6917881693329	8.52969823946101	11.973627923192	12.1947585514104
Sobic.003G031100	0	0	2.61826225781129	5.25913730239239	3.22012332202296	22.1128867679332	31.2503545806308	32.1114760427534
Sobic.009G036500	74.1622665646512	199.028591127896	394.906756385722	69.2145667076206	16.1006166101148	2.82356150936165	3.58072382622456	3.14013600941132
Sobic.010G207100	15661.7598054309	9449.46906794251	9285.33189256474	9812.82634424482	8992.19437674911	5076.08039189194	4642.38634973212	4795.48059007506
Sobic.005G150900	242.46434131702	187.43448228839	271.212655028987	287.996219985702	370.31418203264	293.072116588153	348.938473838064	456.641192312614
Sobic.009G175500	4634.32056369696	3077.44758458693	3843.87910420788	3372.03819617359	3384.34961144613	1953.26506043678	1870.70612932285	2144.54099340203
Sobic.002G118700	8750.15523582337	16758.805178582	13931.4633478295	5611.43688205469	6670.48546157056	2352.25618542587	3229.98367929389	2164.10563497121
Sobic.008G183900	232.26850664094	129.987419552093	331.695923934985	668.167801310003	769.609473963487	938.655379381519	1115.0168018456	1385.51549166117
Sobic.006G034400	303.087101936361	303.986081480732	469.170009816647	414.954809852976	276.930605693974	875.043861216149	1261.83811221087	1273.24286586138
Sobic.002G297300	15644.0611918103	7564.88219480018	17018.9157176036	11008.4879055083	7116.47254167074	5240.61722153895	4165.72073361414	4456.10581198277
Sobic.001G393300	27650.1455925635	20144.6551152929	20486.3089650198	16453.2742965762	14771.5107089498	9603.51893028249	9172.94512122566	9113.94105102268
Sobic.K031800	2596.05274029631	1464.46068975589	1615.33467132892	1429.89707953719	1251.01791060592	913.696722407232	829.25841417197	840.864698483452
Sobic.004G265200	2069.85214556737	895.438346746005	294.385014700919	242.181073763714	143.295487830022	193.641582873399	164.488579727897	50.00096689034
Sobic.010G015800	550.154963731627	215.62139517242	432.807813380769	363.152650962776	296.251345626112	130.203097333608	94.3704835444399	121.082590669257
Sobic.002G075500	3928.80302231565	6484.76372584743	6780.43995679545	3433.71993991697	3909.22971293587	1474.906977137	1899.85823902461	1641.37733662668
Sobic.009G221400	18.4178450151128	10.6676705327693	39.089763082281	53.402308175969	59.5722814574247	288.802958826813	282.80057314264	204.422256824264
Sobic.001G379100	8.4977630548105	25.7609646122708	41.0704916519279	10.2806182336612	3.22012332202296	7.9525448074233	4.58421058586975	5.8925212400414
Sobic.002G255200	1978.351406013	1141.96718636205	2324.32988338314	1112.62471543895	938.665948369692	625.55049957481	509.436709491157	489.13052512061
Sobic.002G205500	52.1845946617452	470.12167587775	771.345306181472	118.224544453553	43.4716648473099	18.7299872937237	21.360933714352	19.42787919934
Sobic.003G296400	164.034096205753	1066.5371691387	2018.11467742249	274.22946639357	85.3332680336084	43.9841513805559	54.0502354262781	46.6487950565936
Sobic.002G373100	314.492305302069	73.7715575387609	425.8765912263	584.585362367621	817.911323793831	1629.84480317193	2886.78313713563	2832.94243609984
Sobic.001G396400	0	0	0.898432689912007	0	3.22012332202296	17.0886435344001	49.2380551555352	33.3196721156987
Sobic.004G267000	10807.1411260382	2881.42769953506	8939.46708032822	6949.69230183794	4563.71977813704	1434.42848977123	973.410181695637	763.147505352851
Sobic.003G105900	7792.8914801674	6037.20464789886	5514.58306597384	5338.03512678807	5701.22834164165	4150.7728750099	4303.40304533331	4193.62902565408
Sobic.009G073500	1.94663647639197	0	37.5070360760844	104.835789360788	114.314377931815	69.9340159225976	117.62406660054	112.269905049962
Sobic.009G068400	8.94727463717634	25.7609646122708	24.547605758514	26.9576293143094	37.031418203264	59.4808890486557	77.2446903552801	84.7647538020106
Sobic.006G051700	25.6765107878272	49.4371965431773	94.8831165995415	84.726375351846	141.68542616901	236.472402505051	211.926480368223	257.636647923113
Sobic.006G181000	8380.49899461579	5445.83941196963	7285.3988310132	4708.88622765346	4324.62562147683	3635.16253931383	2248.97067247166	2591.97783539715
Sobic.010G261800	33.8332932881266	40.878560807884	40.0609534534979	34.6673952180732	14.4905549491033	47.6480154843265	83.932843605567	81.7407479440545
Sobic.009G068900	473.596076555971	331.734570309919	1034.66299344608	1890.77732759099	1859.62121846826	2699.29419285801	3215.26356905004	2706.07604024872
Sobic.008G029000	74.4081752949675	48.2667511104934	135.084979015563	124.231823391688	186.767152677332	203.464558720659	306.750522707322	361.382254825486
Sobic.009G073800	0	8.59508890946087	1.79686537982401	5.10406694939206	4.83018498303444	10.1037886385714	12.8385158588228	18.5938059902955
Sobic.005G046250	81.4926728354794	98.9108462605221	119.402510116211	157.386648621607	297.861407287124	291.132816008998	331.285028931873	409.644375157852
Sobic.003G136600	194.926224143661	320.725684186756	480.229395327287	112.217591413315	62.7924047794477	4.51887127067503	14.0086070169496	11.6594531025801
Sobic.004G169600	102.983251582126	92.4004900324257	51.741521881951	110.078746976632	178.716844372274	328.867445684037	302.685110546292	280.985890014132
Sobic.001G526200	60.2201147880497	180.37535651812	158.685316626053	63.4906292108991	30.5911715592181	29.9410202737025	29.6644669504607	24.0629832441289
Sobic.003G251800	8.66825333206606	35.8191103125865	90.1580903673132	22.0082218532458	6.44024664404591	6.2521873367236	5.94212853116664	6.28576334195923
Sobic.002G041800	257.743048871384	71.1016021410546	367.262674773029	358.203810330732	547.420964743903	1394.40863623191	1760.93061067025	1496.29813970191
Sobic.005G013600	84.6483595095942	72.2477454576267	90.1229130763899	117.843152006691	148.125672813056	211.578330095382	244.442186359715	273.801773094764
Sobic.004G255500	3085.4920142354	1993.97032028428	2388.99069281534	2425.78686396087	2578.51375010988	1184.64856277274	1378.5924405715	1844.46441090994
Sobic.008G096000	4415.63383930411	4454.14506540826	4957.24950925974	5063.76825128932	6553.75599114722	7492.03064085266	8140.4711831326	9992.88580325831
Sobic.009G124800	131.875658605808	338.525386838131	196.256566010235	131.310795335532	151.345796135079	100.157856595797	82.7430168399363	60.4750936671573
Sobic.002G142000	66.5411156291753	80.2697627088015	71.4089547524903	33.8106900289638	6.44024664404591	7.33100119174855	5.04543937269315	4.15318840709874
Sobic.002G270300	1617.03832300973	836.566652322681	1471.59817632499	1210.0784949111	890.364098539348	534.291789246634	439.345803783678	441.744868554332
Sobic.010G222800	127.801998734062	312.911220887361	146.479955680581	104.200560856253	104.654007965746	73.0943638334457	74.4992904011375	43.5510662120493
Sobic.009G124200	594.705753141927	501.405803121101	859.919532944025	411.667375594436	330.062640507353	241.972099207293	129.584813809903	120.985671844868
Sobic.006G164300	2675.67356849587	1860.57796606215	2065.88196970839	2127.75378382258	2239.59577046697	3999.97436364078	5373.18202392554	4770.58362571093
Sobic.001G196000	364.275121163537	766.964560146649	660.632089597707	236.817503618019	233.458940846664	96.7635255332994	121.73878542014	105.055268066636
Sobic.007G018100	111.680939534039	73.1134284740837	105.620903595789	39.0358024362254	49.9119114913558	20.963627613244	20.7436793632012	29.2046134877614
Sobic.009G105300	46.9108747968366	28.4309200099772	51.7017366401095	25.8260409083456	20.9308015931492	28.0758293038802	22.8229686983336	29.9037467901284
Sobic.007G121700	156.631424678204	226.862137363475	236.413751414498	158.273680923801	167.446412745194	135.570510847529	64.3106991200322	78.978903487377
Sobic.007G217700	103.341663267864	90.0595991670578	89.9455432058469	79.9756689907135	99.8238229827117	128.825503381832	174.595398432411	217.735508153515
Sobic.009G252100	701.40609030364	272.166321718091	1714.48541123485	2143.41986151051	1803.26906033286	2880.9362672151	2538.79832544812	2258.52819606112
Sobic.002G199000	1361.20296652186	1126.91133142154	1272.94196258092	1082.99285258023	1106.11236111489	555.889721525531	669.10992026225	973.416303367305
Sobic.009G112800	37.2908078348249	66.3712161780956	114.403070175378	30.8475218396144	24.1509249151722	29.9176374967063	35.4801339808488	25.5757478832198
Sobic.009G182800	293.582869705737	189.32381207603	232.304375813135	210.673167613665	233.458940846664	310.773841457646	467.720565981392	563.498465457206
Sobic.003G157300	687.000099971213	578.49329406419	981.643139003781	481.17306810889	415.395908540961	328.429246036636	332.275331496532	320.294064523978
Sobic.010G026600	467.197715455485	391.26636572758	437.302007209855	376.68949170912	400.905353591858	259.839649546546	235.645730675786	258.424726503434
Sobic.002G388700	60.3085585598709	37.6233826938358	52.1449417327845	11.3352877601325	9.66036996606887	1.14287527578732	1.16480174104968	3.51009018447917
Sobic.001G217200	4075.40409529831	2821.923164128	3166.07525039864	2870.88666480383	3079.24292668445	1800.17049033778	1685.33473359851	1823.11967381699
Sobic.002G357400	46.3164510224889	31.3813357077985	52.1138665497153	32.0957211588323	30.5911715592181	14.2143079624996	14.5857184703973	24.1122043664361
Sobic.001G385800	65.4081101925772	43.8411275637613	52.0167030273867	64.6307608081965	101.433884643723	203.114252077943	344.575991993224	452.45614459943
Sobic.001G168800	7049.62916447901	4668.86531035489	6839.05865464442	5335.95269296231	4946.10942262726	5316.20286103528	4040.29898512968	4414.15302251438
Sobic.008G021300	10595.8823776302	5987.40915488308	7405.89201321783	4688.7970718203	3403.67035137827	3797.8820840859	2584.00125869001	2636.75099870812
Sobic.010G273700	398.079413716716	181.009183466685	574.909139318397	1039.36465211902	853.332680336084	2948.80771926369	3294.52990094162	2140.84434503334
Sobic.006G197800	1324.45770012806	1235.65963240771	1942.77697166686	2168.48444905512	1814.53949195994	3239.47925597394	3183.04893896199	2797.80666538207
Sobic.002G205000	6.51372358415136	15.0932940795015	13.6936557982649	10.517863740113	8.05030830505739	36.15200936624	34.1706289002183	43.1183716966664
Sobic.004G285900	326.58282923984	390.279172130564	291.671517188774	306.623087285023	252.779680778802	164.27883627733	191.323565280434	171.034445134163
Sobic.007G015500	940.332359460778	391.486070737416	1046.95360056042	1063.64628636844	1051.3702646405	563.000411645111	543.44677378808	548.021776430696
Sobic.002G102200	1297.67840987216	790.823057948394	967.203304769359	935.400755970995	838.84212538698	794.775703998443	551.941107373728	524.948288776181
Sobic.003G400600	751.502737526312	785.946859288764	948.820808614252	610.453738525453	693.936575895947	532.744131976983	552.718118217202	601.157907497926
Sobic.010G172800	9.34206748704147	10.3629081165425	33.0468912691905	74.5619571667671	49.9119114913558	96.4891607065592	109.90517139425	96.5200038805979
Sobic.009G030200	0	1.77997026513754	4.79602856663919	4.63565393979117	1.61006166101148	25.4317248213802	36.3646858160864	30.589252177615
Sobic.005G123200	1987.41937410808	1464.37366041983	1157.41414791331	784.067015438984	610.21336952335	615.072255721072	390.465440207751	355.691071420549
Sobic.009G098700	6.34323330689582	5.92513351175455	5.42214305233971	0	0	0	0	0
Sobic.008G142100	122.108635791534	92.74170562282	95.4817981682611	132.248853948749	107.874131287769	479.407869566679	487.78128781674	396.581506825843
Sobic.006G091500	144.958846336751	79.0993172761176	111.562465328231	26.7588432476038	8.05030830505739	3.95181325740994	2.32960348209937	1.51957859653112
Sobic.009G203700	24.9571466845379	75.8076859879017	118.739627127426	105.249563244094	119.144562914849	387.648328800261	208.59494861556	199.666351056395
Sobic.001G153600	53.0288990939762	100.922672593551	63.7798571274474	72.7279121953506	83.7232063725969	78.0215870508675	102.36807016746	147.595022694969
Sobic.007G028700	418.697989559931	286.722997313474	360.386149893559	174.241746571022	119.144562914849	75.4628078420683	38.8935100179995	39.1536217042581
Sobic.006G223800	326.485164477472	330.235060344897	458.432123810533	465.912956232203	491.068806608501	740.336131418347	697.516555390704	662.205756718109
Sobic.001G211800	170.667153896612	60.738694024512	175.225523627145	137.791375175943	112.704316270804	49.3154143596772	28.1596085062891	44.2187749958225
Sobic.005G117400	82.8339038790437	114.004140340023	114.166929060185	245.820743046619	144.905549491033	502.488149277531	453.717241394002	284.96488688701
Sobic.008G110200	29.9400203353427	130.048174842373	106.680976260727	27.4211969146231	48.3018498303444	9.11828325978688	16.9554648501997	10.5344392422705
Sobic.009G253300	34.8809065997869	22.4936354401667	57.1600226682024	23.4487183711948	12.8804932880918	11.4040338113615	11.8524558394906	18.0694831877384
Sobic.001G166100	93.1115542745706	177.937257188304	111.398258119013	75.0995675938706	61.1823431184362	34.6698912738546	30.7338650229823	21.2096191971497
Sobic.008G143100	197.838133453659	104.591972646329	141.18838930823	211.402253510156	220.578447558573	280.656596618911	401.757539651412	534.501719104947
Sobic.009G235500	283.261037371017	87.328888479072	1091.76679883113	568.194264946538	265.660174066894	39.2065780117196	81.3407851595063	59.1477206023057
Sobic.001G106800	209.583589516358	263.948901573193	108.11297820213	61.8549594415163	45.0817265083214	40.1280219697417	34.7992771840126	16.4761816046191
Sobic.001G476300	82.7492012488027	141.861988691715	150.254050824296	78.9194409723294	67.6225897624821	128.025791678608	225.822256976332	278.167282815245
Sobic.008G048300	2184.80765138429	1416.53515423578	1882.01703994755	1662.51517965635	1507.01771470674	1293.86559120625	1089.25019113093	1138.19512109145
Sobic.006G189700	54.7594953447987	108.712833776834	85.8339730902254	51.1067499275979	27.3710482371951	27.9841134434527	26.3435140319521	20.9966789181784
Sobic.003G317100	205.063074187053	181.545801950803	120.115960133937	104.504623558951	99.8238229827117	140.091015256395	65.8276948874397	94.4133621411946
Sobic.004G184200	152.965110422836	78.1850300274371	140.354629768182	186.245550968251	172.276597728228	177.493319009807	343.090333902138	457.870935498438
Sobic.002G200200	2497.42811942899	1180.26791067247	1668.79719460841	1601.80407001422	1780.7281970787	821.967616570995	966.913222271961	1116.61656170274
Sobic.005G041400	3.91426664596423	3.25517811404824	16.470903675077	3.93484083302569	6.44024664404591	5.06172993784835	1.94031881582173	3.50327622703894
Sobic.006G267800	102.998754446066	545.625585414254	95.7308388001798	74.663946885385	49.9119114913558	25.3461363935571	29.650092467931	24.968242868027
Sobic.004G312200	0	1.18259649073974	0	0	0	0	0	4.65971460594245
Sobic.004G158901	22.0366810548798	8.59508890946087	9.81935816823128	23.4531529158102	9.66036996606887	29.6419365004508	51.9486016290519	55.3429226495723
Sobic.008G021800	76.4551958451675	199.333353544123	121.538758061536	262.971075449584	486.238621625467	303.888827211772	759.430457599578	896.696562399985
Sobic.009G137100	1105.77377426975	1471.34772878371	1257.69084637948	1335.64480951632	1495.74728307966	1938.38636722496	1921.31673487137	2037.29166543123
Sobic.006G231600	29.5360587012907	18.6593101388045	77.1827284025922	112.187675164903	92.57854550816	159.973156675583	153.758549066218	172.235065539555
Sobic.003G276300	1696.10494091888	1224.31051665898	1732.09353157747	1391.73201165482	1175.34501253838	616.766627346154	607.418874119743	693.79530461752
Sobic.007G093900	1133.45447106466	668.742220595944	942.551951945737	832.803642349556	652.074972709649	517.973603652155	455.163350393889	446.202390694004
Sobic.002G039400	50.4550202410627	56.3009194197241	86.0400269324117	12.7761951427533	9.66036996606887	3.93028625034917	1.44728880615562	1.37619261531504
Sobic.001G351700	6021.33164286284	5780.01306757419	10121.6960937988	14813.4736520225	15770.5539696074	16012.7112018892	15749.4754780646	14273.2447400679
Sobic.003G183000	716.723797088639	582.345845952637	819.000800039985	844.760156120362	1112.55260775893	1203.74753262176	1274.27368787776	1221.41484854444
Sobic.003G034500	1.31022531568371	12.1550294397359	36.2816041571327	16.7482628215098	33.811294881241	51.4977610162388	116.884968482992	100.611866670735
Sobic.005G062000	423.685996880722	201.918251535438	269.942710233008	263.276370746297	167.446412745194	123.474184444328	100.651925388136	84.6145538633543
Sobic.006G168000	106.839964791156	113.455370797849	269.371026838136	731.953490233367	384.804736981743	1622.3167798968	1962.82519001688	1034.22004578524
Sobic.004G332900	1116.62577789039	797.929801986061	886.47610018843	688.076999853793	545.810903082891	344.691171303526	338.870382957965	453.761082704591
Sobic.004G036500	107.583335871685	75.2346143296157	110.018426306746	93.0701371661292	98.2137613217002	83.7803536134411	113.101156580681	117.279023261779
Sobic.006G169900	21.3383106447708	20.1405935167431	49.7219618672599	17.7632403142195	19.3207399321377	3.40071494139938	7.55073231872673	7.00655245407789
Sobic.002G064900	329.369248943003	466.184066582913	342.811166291315	218.908387937927	164.226289423171	160.094268075827	156.080557757807	118.64017323886
Sobic.001G407100	181.025944360427	577.66505018673	220.604918840908	185.601120491987	128.804932880918	125.530864674477	87.121973898323	63.9873768929257
Sobic.010G190600	19121.8920793076	18341.5956256058	23709.464459434	20274.4347777161	26123.2504499112	37899.1561945295	34335.136410026	38670.3147608184
Sobic.009G178000	1085.63555130522	897.550339437973	1052.70423326499	820.148714469977	877.483605251256	377.179086847376	278.63641822371	286.846551948088
Sobic.003G320300	53.3361546091669	34.3682045797876	64.9206729952651	27.3442780351306	14.4905549491033	13.6257229421738	16.883520729654	11.457495469882
Sobic.006G245500	455.611141703497	334.039008001119	388.122126404859	358.589481357861	307.521777253192	92.5253962604414	71.9803663631665	85.0367760011808
Sobic.004G349175	90.5320691994237	109.3466607254	104.543017418974	130.210755604995	130.41499454193	144.307138444151	296.110753206646	322.298204026806
Sobic.001G361700	1288.6829678292	686.035682408341	2070.71712430176	967.546844660455	877.483605251256	582.838385512406	421.021698738233	447.96370625932
Sobic.003G379000	41.8441417663041	10.6676705327693	12.9634008531248	14.3749639643026	11.2704316270804	3.97467643398619	8.04376232839284	8.66270307438487
Sobic.005G045200	2283.54075467482	2254.78358239433	2427.52218073593	3076.26369042376	3683.82108039426	3134.76664733099	4572.41747556702	4420.1212376706
Sobic.001G397900	42.3402251271239	23.1031602726204	31.6348973539247	16.0863200191623	9.66036996606887	1.14287527578732	1.07543088019095	2.12708361172391
Sobic.003G253700	38.6492392236292	25.7731156703267	84.8592839132525	231.243358136993	196.4275226434	261.430732135926	256.337980770486	175.605904384001
Sobic.001G103000	13.2563341330057	39.9885756753152	19.0213222467347	12.6980436692455	12.8804932880918	2.843232746487	10.7770249592996	3.75862367087727
Sobic.001G224300	34.9684439344614	327.040637521128	506.358806629366	83.8980279192366	16.1006166101148	5.69470514181123	9.80839168028035	14.0513433841899
Sobic.001G071000	0.740357796469623	0	0.576183321290633	0.623483362601223	0	0.565721843749593	3.01574969601269	5.28501622484862
Sobic.003G035700	493.918136776216	588.283130522447	524.682049701092	538.606106769854	632.754232777511	996.33225722237	1335.677801503	1250.72599843101
Sobic.008G037900	27.3906977375629	28.7113803100922	34.5215072803932	26.5316994243983	49.9119114913558	73.4748048942299	48.4193429252769	67.89400746117
Sobic.005G021000	36.4281658342203	167.952017836324	36.985697914355	48.2144226144382	35.4213565422525	48.6723437369418	24.6190275777676	9.80134484957499
Sobic.003G382100	1621.54502588236	1165.22272784278	1704.30023732014	1486.46275094762	1441.00518660527	1151.48094680378	974.722231729703	949.816501486868
Sobic.002G316500	38.9374293129263	62.762671415597	89.3340065708673	110.088026930534	157.786042779125	168.664240028419	149.072083411902	124.149112388953
Sobic.007G091900	49.402822537309	78.489792443664	109.789062329834	35.5993758279878	40.251541525287	22.5688208377678	33.6026742201202	16.4693676471789
Sobic.007G111500	13208.6787931395	4268.48562356086	10522.1462620083	7540.02323664428	5424.29773594767	3562.33426016866	4917.54102649009	5656.60026827512
Sobic.002G399100	3813.27667753546	2551.71152406961	3157.76555484979	2754.64032493708	3027.72095353209	1931.06574500501	1780.7629011521	1956.24299996957
Sobic.007G197700	47.144346153633	121.769999407195	109.672702668665	58.3845079381479	43.4716648473099	37.8866616018041	61.9319393826741	47.4295871513706
Sobic.003G319800	252.791884286694	224.460491207828	214.30040126364	169.291602347389	106.264069626758	119.155001560438	92.1537821790787	118.779281834371
Sobic.006G076900	31.5456762572235	3.85255188844604	12.5054641121962	7.86968166605137	19.3207399321377	7.91320233317259	15.1506926006092	10.9221900210517
Sobic.001G371300	2287.54664597602	1859.33461428113	2514.51154027811	2453.04636775352	2672.70235727905	3572.64243394623	3590.07754294983	3635.98160289241
Sobic.003G363200	20.7802680345502	44.7311126963301	52.7350670402645	42.1508390279752	25.7609865761837	54.3601453994313	69.4516138691505	45.5432099170957
Sobic.003G191800	45.4439123801776	70.1994659504299	178.611773467179	49.9735180629468	24.1509249151722	6.82934076876133	6.28218523428858	9.89286443987655
Sobic.009G034800	6.89669152502301	3.25517811404824	15.1915700561611	15.9709416999237	16.1006166101148	45.4957324523386	98.1565326060444	59.5249990035303
Sobic.001G505300	355.902183044675	285.845163238962	337.75170405117	241.462026647041	204.477830948458	149.529389696075	161.431943743589	141.728233864463
Sobic.003G386200	318.614937771803	268.38667617798	381.206356011611	199.633073467	199.647645965423	139.849318764153	120.92379713036	141.833891638362
Sobic.002G212200	103.936993479358	74.3567802551028	120.210436737807	120.681987820796	149.735734474067	200.591623403944	225.282979553396	214.795915053449
Sobic.006G267500	364.77199556851	575.519562215087	777.093002490124	427.98968646269	399.295291930847	322.195400475347	326.302145133115	297.498427368295
Sobic.006G225900	836.992272791083	1014.97977270482	1082.70652132301	1328.11453300889	1439.39512494426	1775.63691417458	1459.97440851294	1489.795477228
Sobic.006G204400	514.039901401091	694.362462075743	554.426273498287	422.210614008227	378.364490337697	308.64813984993	248.400200944775	274.646720253209
Sobic.002G371900	280.823398997432	175.059747838819	395.439274381382	423.767395541532	458.867573388271	1395.21824822566	976.737083377332	664.458899374481
Sobic.003G044700	61.1027286516945	149.738193246219	142.258662683403	117.905449691547	103.043946304735	90.0283098098739	55.5664160951962	46.7539425617756
Sobic.009G024600	1200.99466001304	509.318460849773	1175.89761861302	545.493170316293	576.402074642109	276.4840942759	225.060970968295	346.894496771436
Sobic.001G021500	4493.84378193019	10196.7147247497	6325.98567898058	6274.22118048772	4068.62581737601	8216.62510287057	5800.59088105078	3473.92750277142
Sobic.004G312600	10431.9763146264	8646.31200582042	9120.74056289452	7940.37374461033	7947.26435875266	5606.87551546349	4707.80517219428	5246.43909214291
Sobic.003G035100	1331.73260790703	1728.20909887115	1695.5150005367	1503.14861069746	1374.9926585038	1381.4268445651	1013.16955213859	999.818474142794
Sobic.007G052900	10237.1248846455	6735.66366898899	8867.09104984323	7370.75057618582	5944.34765245438	5359.93666518715	4428.37680009101	4398.89279347933
Sobic.001G397800	272.324677299114	369.28406069059	143.433691708147	133.541590711017	120.754624575861	73.4793330031963	61.1329627599196	57.4139711815487
Sobic.008G012300	313.337539951948	52.1071519408836	388.495028601689	328.563648149333	408.955661896916	204.632001104708	366.451849788626	579.584109101917
Sobic.002G415600	6.34323330689582	49.4858007754007	47.4578034860031	76.9352560239743	80.5030830505739	142.290657779727	151.050307966133	90.2669876915362
Sobic.008G156200	265.985237340159	287.612982446043	180.382292849951	175.062457508416	130.41499454193	183.305012373531	87.8944387153118	69.3550144062191
Sobic.009G221600	17.9893271259272	48.8641248848912	60.255077648283	60.3711580745339	61.1823431184362	62.8675000627359	83.4806281762992	47.3437596701277
Sobic.004G152000	217.666587858264	245.49106985714	261.534513418345	214.32622549719	255.999804100825	231.29538156915	285.269167287378	347.211316269722
Sobic.010G108500	28.7337416554203	19.2627594422302	133.554123329805	37.0852315183293	14.4905549491033	6.87187518246295	4.88412439128866	10.5386079311034
Sobic.009G244600	75.3254728414396	4.14516324661701	75.660818640505	58.0460944424219	37.031418203264	10.8643670836391	8.92607700433658	1.88271881415875
Sobic.002G007800	13.634717681784	8.29032649323402	14.4472089900986	14.5300343173029	20.9308015931492	26.5581207994931	43.6965335153927	33.2390264747977
Sobic.004G275400	97.0130895743947	96.8625667533254	94.5765526759713	46.8962041483742	41.8616031862984	32.8889930847181	39.4122367349418	64.803092574066
Sobic.010G064700	494.412533636009	449.371557528553	502.859984633685	489.668939256696	529.710286472776	600.004762547049	603.86611302652	598.82448755685
Sobic.003G076600	333.00805684581	254.439525415051	530.355427899609	373.996687225235	405.735538574893	422.002360034513	422.681911064037	488.8034128979
Sobic.008G164800	125.56982829318	90.0474481090021	81.8013050313218	90.8875770157405	80.5030830505739	124.203147171387	205.116946898061	227.270305519233
Sobic.003G402000	7240.36181845656	4424.50166424482	6598.67630998012	5829.45740369749	5377.60594777834	3956.02858940561	3950.62395430807	4162.99941541142
Sobic.006G133900	8135.39090007137	7166.16327286276	8633.68585802648	7781.1685450946	8830.38317981745	9296.40499118534	8289.95814582501	8479.70715354758
Sobic.003G061400	31.1088960209978	24.297907821416	21.743253234187	29.8378006208637	20.9308015931492	37.3602822323052	47.3409314951997	39.0839587096302
Sobic.005G155900	338.343123495593	188.421675885406	376.593467648429	309.831548340711	238.289125829699	216.446539601428	172.225580344712	172.960584264698
Sobic.010G006300	965.742088708239	655.289159613937	1175.82724309746	737.634341748832	558.691396370983	554.236723546176	569.276778812269	485.19174237131
Sobic.010G192200	16.5469209644018	11.8381159654532	32.2700398306634	32.2171774813736	49.9119114913558	68.6857999371053	68.4943028148777	97.1181583666159
Sobic.004G216700	257.461346922181	154.894852205964	267.424146169284	255.710666816169	273.710482371951	155.079492698687	247.260488948687	369.445263385803
Sobic.002G137400	517.84981204568	717.015047235466	635.74931738111	598.573940605571	653.68503437066	917.054248455348	777.605708588754	830.205900408933
Sobic.003G223400	11206.3975451762	6919.16695075394	18302.9770025678	12137.358665761	15509.7239805236	8937.26138405328	5550.95973736678	6561.18621236038
Sobic.007G109900	284.258233349923	252.427699082022	461.759853662484	341.830536054885	331.672702168365	396.659385309292	477.679182191591	518.899875488424
Sobic.002G041150	3.82672931128976	2.0725816233085	4.54209461396993	18.8952395848551	20.9308015931492	78.6407552961869	48.8631449717873	21.1222682956811
Sobic.002G117200	250.639052020079	175.644970555161	269.269638422021	247.644579304669	254.389742439814	326.142159315546	419.147506358978	416.783874431236
Sobic.004G275200	740.358052856727	1018.30687120238	839.948161045169	849.599570629613	706.817069184039	1341.40019196498	1200.67197344148	1170.21189534485
Sobic.002G418500	2.51650399560606	1.18259649073974	8.89762723162574	16.9482814822308	17.7106782711263	42.6822663617496	50.0400840360729	57.5496387506883
Sobic.004G106300	177.312330469085	79.3676265181768	217.947869588519	224.228653234589	185.15709101632	103.177610875992	90.4633341070308	115.16810413667
Sobic.001G359800	51.988526299216	46.5353850775794	43.4768426128044	66.1489129682069	41.8616031862984	96.0459943945282	139.447722870416	147.792920335707
Sobic.009G155200	675.036266050044	319.042922386065	407.589473785859	461.141309742009	412.175785218939	576.053286632469	854.360571595462	724.777087842414
Sobic.001G508466	26.4825057886443	19.8479821585722	39.1000628023821	31.6296883704877	46.6917881693329	32.9918773793113	40.0840084663254	29.9979116490373
Sobic.005G217200	70.7893392552004	52.1314540569953	128.387780474928	306.952261666929	278.540667354986	339.602704559718	435.613700993939	269.876492123644
Sobic.002G275500	142.937403871825	397.179348181278	452.728763033579	155.21741416841	59.5722814574247	63.3183864231843	72.8047397057981	68.3977419539208
Sobic.004G263200	770.718378381835	621.506177750492	709.598373307972	694.790589103775	748.678672370337	570.123572553819	591.822706434179	641.24180095908
Sobic.004G190100	464.096162431895	287.112817136093	248.700491427381	159.777466789499	41.8616031862984	48.2150734975915	51.4290598136201	53.2540775138825
Sobic.003G402400	8.7721999678274	42.0733083566796	43.1271484391694	5.33646704655664	6.44024664404591	5.10107241209906	2.24023262124064	2.2526729892266
Sobic.003G005500	18.7178600134034	32.8929967308769	33.8586242916082	26.1345381556589	41.8616031862984	85.3754514191924	108.051986279993	129.653882850213
Sobic.008G157000	215.384398469967	228.946870044839	387.150235044244	370.656824128107	428.276401829053	258.697961766411	127.279420253896	85.840546540013
Sobic.001G387000	148.937497570936	141.971348214217	169.383463391624	201.560132037683	313.962023897238	332.494558607832	463.742437925237	506.317659033204
Sobic.007G010800	2651.7596682824	2117.81191534995	2533.07197281641	2252.83901410525	2095.49525180644	1411.41186340383	1401.06504485352	1549.09735644997
Sobic.002G235700	27.7025376448469	45.0115729964452	93.8507399961841	36.7698345383697	24.1509249151722	14.1127598374219	13.3633470913316	20.4299489507543
Sobic.004G248700	5.12054532588658	117.58838298641	23.0366929740254	8.06197886478245	6.44024664404591	2.81532186052443	3.5087797056788	2.26365563549976
Sobic.001G161601	157.999140244188	189.567819201978	424.962810147172	104.65928304728	104.654007965746	34.6635073949528	79.3115423797776	31.9335100056195
Sobic.006G169200	38.5534395419146	72.5768099899653	128.581175948021	57.6578022629134	83.7232063725969	209.137288048484	167.136345841734	131.577376712141
Sobic.009G065200	497.769433322912	270.495710975457	638.357915783352	820.812741753174	1110.94254609792	702.292275424703	913.849326709086	1105.98271505184
Sobic.005G229900	126.667575945247	74.3446291970469	161.073766953218	165.83527620721	133.635117863953	258.901206690429	226.628081505245	218.861242290363
Sobic.008G156900	270.825624137801	363.798337198507	482.07810256678	296.756157967893	408.955661896916	478.253710997416	456.853785310126	275.329681683037
Sobic.008G160600	100.469582290953	270.922969937072	287.113901264486	197.904608966127	214.138200914527	150.803066860243	193.202662225658	154.630245702161
Sobic.009G119700	60.7079358018294	58.044436510694	83.2166542920111	46.0071175228212	40.251541525287	23.1542139186428	30.5240654690144	27.7384247023704
Sobic.007G132000	408.259924108482	248.465787671073	380.404474755561	259.564154225087	309.131838914204	182.874532774547	149.420410081987	127.943329267257
Sobic.005G162300	11.459194240689	34.6608159379585	30.8963937426105	12.3061386744652	6.44024664404591	6.20141327418477	4.25249555760813	1.37619261531504
Sobic.002G217500	122.513503862733	148.07973356164	164.112221426844	143.199136446748	246.339434134756	199.232148595858	280.057266931997	338.093844690535
Sobic.001G398100	18.0609660745849	13.0328635142488	29.2281626746325	16.1300357328676	4.83018498303444	0	5.23855557694035	1.37619261531504
Sobic.004G058700	1190.2354981642	541.638385922364	647.13834636788	541.328090739582	412.175785218939	278.825578846818	367.723664254538	380.191336880565
Sobic.005G018500	0	3.85255188844604	0.449216344956003	2.10243932029642	1.61006166101148	4.50424774293598	7.61433476441217	16.162153812426
Sobic.001G380700	19.1336465564488	31.0887243496275	23.5038218407251	28.1215991567167	30.5911715592181	13.0435218007497	7.10693027221633	19.4566584493266
Sobic.006G167900	1.39776265035818	7.98556407700717	1.71982956789928	11.3348768954607	9.66036996606887	28.4286159249993	43.8063833743476	31.8779851945887
Sobic.003G085600	2842.60174132727	3488.4790067364	3616.09901464444	4494.54357931951	3646.789662191	8826.45027834377	10550.3819209323	8011.76392785515
Sobic.010G224200	346.59693060666	361.872554236699	403.584370216237	448.26872911584	344.553195456456	680.061185728854	614.20355484755	542.233831717742
Sobic.001G181100	1647.33189313651	4351.16196224947	1746.36697736111	1715.62975597298	1825.80992358702	3008.67828611605	1861.11560693121	2017.01933623432
Sobic.006G202300	651.470050864578	857.511187600772	342.863664689916	416.468349440678	320.402270541284	189.757326652703	252.769186131323	228.883647402829
Sobic.007G220000	192.356457130594	208.745521237817	489.918552637125	326.771456565157	275.320544032963	213.234816982865	373.031855084834	354.331386822294
Sobic.001G494000	137.415553036694	177.095876287959	348.808526980115	129.635107634491	156.175981118113	162.030795061815	196.2327864042	118.383193677923
Sobic.007G032100	202.062311739621	110.139437393522	242.515274787971	309.482189369049	333.282763829376	476.506797188818	518.476895549345	539.361099659329
Sobic.001G095500	971.212489400202	704.372003543835	886.539321224328	1037.5761141902	1032.04952470836	1560.59770174532	1550.33008963366	1317.35573985983
Sobic.003G199400	206.530764461232	177.168782636295	281.200641997388	604.12217439231	310.741900575215	567.300949077066	354.991714223627	275.265534005293
Sobic.003G246900	153.554158760937	436.667758546644	3520.78492890264	950.063266021875	146.515611152045	3.94357360857271	4.86669765097569	6.76635634534568
Sobic.001G150650	37.2073439771738	37.61123163578	62.4707422797585	41.9105545198721	62.7924047794477	31.9324783151142	42.5953342200284	91.5158501153776
Sobic.002G184400	897.26946846382	1401.85598209501	1099.78432267055	1255.83716983782	1181.78525918243	2444.53232128544	2119.43063674006	2227.09006120579
Sobic.006G182000	530.488009399718	590.124842042693	794.691155868425	873.873264549268	1457.10580321539	937.371458124716	1125.42043402694	1566.559194374
Sobic.004G252600	9.56269210470434	9.47292298397373	22.7095296102527	15.1535176799041	8.05030830505739	39.5609639564766	19.4380416388433	20.6581492617044
Sobic.010G035200	1425.10419509099	1253.02189696907	1486.59684463483	1464.71472656986	1426.51463165617	800.541799180353	1072.60007291902	1232.50801385301
Sobic.009G005700	351.898450796749	438.862836715341	377.959731517006	261.526492348263	257.609865761837	197.714399569093	202.55049680181	151.134905280944
Sobic.009G220500	6.97964446760409	10.0581457003157	15.4818007821163	19.0118504981092	38.6414798642755	41.9527907420953	46.1412762735241	43.0717958429665
Sobic.002G408300	4260.27954693686	5893.269091619	3041.51810797492	3731.61620994495	3411.72065968332	2868.79013852834	2347.68227648917	2456.68536255635
Sobic.002G233000	82.3369772677104	42.6463800149657	105.83582129428	109.239043203415	109.484192948781	148.275606400776	179.281045494479	186.794818681083
Sobic.007G178300	460.776509120178	444.848725517374	733.420330521432	521.029496515734	521.659978167719	434.910038945321	356.661807508994	356.827989821595
Sobic.002G253000	90.7253028575197	45.6453999450106	67.0513385184741	81.5724684556782	104.654007965746	117.627973683996	174.273511860195	179.529260363051
Sobic.004G197400	30.3849475256151	28.7235313681481	51.5900056042604	35.0584784835099	32.2012332202296	25.4628276467937	24.5296567169089	30.1098731116595
Sobic.001G020100	3947.6119790579	2400.26626690659	3450.28531567115	2891.56374855095	2588.97915090646	1271.1406252215	1463.55146266038	1801.67993503874
Sobic.007G077200	1293.21502446611	857.985078864954	887.342511196105	1234.19607788064	824.351570437877	2197.79682638727	2319.59413178761	1733.80102226121
Sobic.002G395600	1581.99801452624	2271.33796133502	1477.76651854998	1689.95908925219	1465.15611152045	2170.20945091748	2101.65301209202	1956.51261376266
Sobic.004G273100	336.407699463668	572.056830149259	429.345151705309	339.718490882788	207.697954270481	99.6296214563626	141.188077575833	155.698102634342
Sobic.009G010900	1453.15524777986	1226.32135702719	1046.75658481821	1063.79817683418	864.603111963164	711.837893470604	661.804864212781	681.634580973656
Sobic.006G032600	737.05913244278	569.014788533603	716.665877350478	698.968186617535	637.584417760546	517.988517440745	481.188408794221	459.537365096304
Sobic.002G094600	349.392497133463	4332.19772995439	342.502781895984	414.001026544574	128.804932880918	364.389091643114	381.275326113285	50.1579807864365
Sobic.001G537300	1339.66303349869	1180.35904360789	1759.28975443563	1198.58180389434	1106.11236111489	976.733638016087	873.863559045381	911.298001597838
Sobic.006G018800	361.17753720425	660.116754041343	496.489477727023	634.561934510965	640.804541082568	887.028469738566	773.286630035574	715.021196998157
Sobic.006G191900	171.161602962766	146.190403774	131.202157686724	122.322092134794	117.534501253838	37.0731496477615	54.6174467157838	56.402442204087
Sobic.003G195600	83.593327101407	61.3360677989099	175.510951255848	272.992927249511	156.175981118113	622.696719438237	585.018343399024	388.346859910862
Sobic.001G513700	304.895275693518	387.389511723022	1091.95319055148	409.810144173705	217.35832423655	203.233102777616	100.382319036859	65.0228468104775
Sobic.004G109300	10.8939111135683	10.3750591745984	19.5567665293865	28.4374070013482	32.2012332202296	102.91467763754	82.377263429538	68.3106461868106
Sobic.002G267100	8.98009323935012	2.96256675587728	2.05079933249327	6.35144453926634	11.2704316270804	13.7012159512242	16.9153219524967	30.4881646643932
Sobic.002G033500	821.586465854503	752.602301480161	753.885369619065	590.242249831118	550.641088065926	539.023272043586	403.966355900917	448.289763064942
Sobic.010G258500	768.110711302968	906.937219050723	840.86403076408	618.471349880736	571.571889659075	489.586185971342	563.243720931162	610.726819777383
Sobic.006G279400	289.980148994437	172.121483199053	57.0802999378191	65.3687157939181	93.3835763386658	144.797023079971	166.410728412813	149.650015437203
Sobic.008G091400	826.74210422883	730.664990058441	1037.96084831108	716.448757706178	726.942839946683	347.364414690019	329.21639363255	367.261073501425
Sobic.006G281900	44.810157344276	65.4083246971915	58.5701296642743	49.5885128008128	28.9811098982066	16.3527840358441	47.804397441317	26.5819863234669
Sobic.009G000100	340.565103322148	578.006265777125	545.514343448573	590.481960525601	660.125281014706	785.217338214592	763.328310319016	633.896083275115
Sobic.002G212000	4343.23001347294	3194.41543738771	5972.87892420859	5029.90629237491	6789.6300244854	7045.60082189404	7815.14534746155	8483.75804284909
Sobic.010G095200	3150.64325697457	3213.38394678448	2125.03586577552	2035.60441181136	1773.48291960414	1397.31570443122	1363.33329304189	1419.70624491669
Sobic.009G212800	497.677786707131	485.104624469919	633.99569314925	941.218953630197	763.169227319441	1384.88761566901	1437.36518460104	1263.89933635706
Sobic.009G142500	511.666496723173	91.8638715483073	138.760351987222	139.274071399071	167.446412745194	86.3492215331882	114.262906063948	127.679535748881
Sobic.009G231600	24.2377825812485	92.0957276161988	299.406597741984	67.120996476555	27.3710482371951	50.9376064822954	32.0372655880464	21.4445247686673
Sobic.004G233200	7706.39313957082	6960.44600349525	8722.95490274772	6426.20755938301	7642.96270482149	10949.5952342962	9071.83643525295	10659.9740087188
Sobic.004G321300	2700.66488825269	2016.81633640807	2690.50740109079	2652.99133241533	2200.95429060269	2133.07093126884	2001.99973361793	1882.28719555422
Sobic.007G221000	721.551287499528	1335.31169320965	255.16384237695	333.774983154648	330.062640507353	649.349849102219	891.507244528887	855.169538136628
Sobic.001G308900	34.5162762272889	26.9435611030106	152.800223827767	100.045065067997	122.364686236872	32.8382190221793	34.3463900720495	57.2516667482378
Sobic.005G210000	755.085013822325	899.853791164341	890.791402483908	1062.59724314051	1011.11872311521	1529.34596286662	1291.75023905743	1118.23745259217
Sobic.004G295000	13.8717516005337	190.15304191832	7.22772882813635	3.27289803067825	1.61006166101148	7.92968163084702	14.3176058878211	10.7761587712283
Sobic.004G298600	101.193530786336	201.625640177266	112.827692826225	81.4854478929395	74.062836406528	57.7733311299586	44.9302988271019	52.9579550222755
Sobic.004G178400	376.854460258154	436.887463556479	428.119030684992	341.698893082322	312.351962236227	275.35941918856	200.775360323665	219.522137116695
Sobic.008G188900	5472.43734720772	4693.20164328014	6788.09832131525	5759.43709432552	6437.02652072389	7084.58884215908	8084.0297630175	8973.65370132161
Sobic.006G110900	907.77008110991	584.625981527724	740.025291422923	705.384549994037	650.464911048637	501.335839770378	492.544110683567	547.563784293268
Sobic.006G279900	556.990550238036	796.675285111813	655.341117741087	467.556199593372	445.98708010018	440.31902871686	356.442351781206	371.867380856399
Sobic.006G097500	48114.2964278582	26692.0768818307	27512.610878912	24965.0053362381	25176.5341932365	18979.8218912681	18201.2987659914	20767.1314365989
Sobic.001G297200	74.0698508652631	68.1268843271214	108.457889952913	207.572363415225	152.95585779609	388.47555325254	432.969166407628	294.113891681663
Sobic.003G007700	4563.99079898582	3550.3405279262	2943.71862244537	2138.10958571036	1746.91690219745	1894.92893298039	1944.87856642023	2057.75447945365
Sobic.001G331600	7613.09084788554	5974.39469145823	7735.45443944065	6499.71716025204	5806.6873804379	3249.27272783675	3330.80740864399	3442.2679605319
Sobic.004G037800	86.1719689260405	58.3370478688649	84.2009807061364	46.9771467078102	128.804932880918	70.2923293311448	71.2684517340799	57.2392693786115
Sobic.002G186600	144.631324985901	34.9655783541854	137.921206722224	106.50827511123	94.9936379996772	30.1898428770104	51.6819828151772	61.4033317351107
Sobic.003G031800	470.750721867741	645.962049326635	475.884013284697	478.915969300265	466.917881693329	694.267476674261	692.404389606646	718.441099448538
Sobic.001G372000	1777.79806829116	1729.28643943875	1798.35481729242	1377.11309151078	1062.64069626758	1264.20547818426	1071.687730633	1052.43544580401
Sobic.002G090700	4121.82018205345	3619.22373574728	4000.81659866996	4301.1088542029	4474.3613559509	5062.5978808778	5963.81085417381	5832.34812096923
Sobic.004G304300	23.047913202413	14.8128337793864	34.3447732743817	15.4239663521431	8.05030830505739	12.3876834202106	23.8086570223696	26.8100779375444
Sobic.001G227900	20.1037977547681	39.9521225011476	181.511525380572	247.4919741397	223.798570880596	101.816496221891	99.8968156035632	139.621885000031
Sobic.002G159200	1794.41574372762	2232.6807527416	2084.82456750306	2070.14109815764	2535.84711609308	3467.68528817507	3428.61374979286	3285.8479296692
Sobic.003G138400	203.676114615548	143.361498656738	303.191016381866	363.670035960041	268.880297388917	393.831008869929	561.91088574331	558.75331755594
Sobic.006G182200	4091.52020661142	3736.39799679496	3340.29129639287	3680.63191357079	4079.89624900309	4387.3977986674	4546.96913164931	4637.33256882002
Sobic.004G228400	25.2188522514146	34.6851180540703	58.9698865746189	38.4471656980986	33.811294881241	60.754262536323	67.9255330362903	76.4419951074526
Sobic.004G026700	2026.49086581791	1627.50415935778	2255.47788850673	1405.71684722356	1056.20044962353	1269.90122252691	838.388035811397	1013.78583955658
Sobic.003G445800	28.1684585282996	55.3744811129877	46.7720939803231	42.226936178124	51.5219731523673	66.3368045338641	98.0550244219502	165.938880475514
Sobic.009G216900	49.6142783707851	332.539498036097	98.1856731736375	119.646396096922	82.1131447115854	160.837523736922	114.573535131798	71.6878227676303
Sobic.005G158300	1619.08916691729	1497.90245602893	1372.22719950514	1439.84486644698	1405.58383006302	1133.16165301261	1041.1227920315	1038.37090929243
Sobic.008G094700	1243.74387310008	927.454495367199	1293.06381713647	1499.05196971234	1191.44562914849	2563.72357434167	2428.81011169768	2049.20708327923
Sobic.003G087600	0	0	0.635306611471637	0	3.22012332202296	0.565721843749593	8.87684904118091	8.27495229560362
Sobic.001G063400	1565.38079523975	827.520002335493	1509.17866360798	989.050885104761	991.797983183071	976.27636106891	713.134373157529	787.009126768129
Sobic.004G187600	13.3018840813196	18.0680118934346	29.2612127882786	45.9261749633852	35.4213565422525	74.3813216480123	104.432685032664	76.4024506049384
Sobic.004G297100	119.383153507632	134.827165037556	83.1733599072132	151.887474726834	109.484192948781	435.859211576318	756.175447415185	334.270270198227
Sobic.006G215000	234.663863655545	292.965044299512	323.319864124689	398.959123211825	447.597141761191	742.088835168495	567.070577585649	669.372145129064
Sobic.003G036600	822.981764498694	978.330446585118	686.420894157354	795.780308683084	938.665948369692	1178.0997416632	1282.42513461371	1334.38705148402
Sobic.006G086000	27.0359640067715	91.498353841801	133.160203199808	71.9149227199464	154.565919457102	125.956957751482	98.1405279265361	104.265234139557
Sobic.002G208200	410.099779244679	1035.16897045379	655.309657950053	591.517788373062	363.873935388594	677.464346380914	520.856814949644	261.472693602265
Sobic.003G291200	1510.83015985886	3180.61098168691	1178.89477499915	2263.0089733954	1498.96740640169	4923.31638768125	2885.42495069873	2100.18506084649
Sobic.004G011201	688.029005016233	326.273148933948	777.776748520241	484.883208243395	463.697758371306	243.577494940086	279.158947576544	332.897811484254
Sobic.002G275100	5426.92536393098	5451.65534569893	5156.04074056449	4422.45715242016	4723.11588257717	2461.22739140347	2662.02948231512	3145.60068603385
Sobic.003G327000	1020.25406554734	391.900192676145	652.848911562447	733.130919673969	795.37046053967	513.216079533876	425.25229323694	528.599629941986
Sobic.009G164200	0.465920883452727	5.03514837918578	3.44837953177118	4.01175971251812	4.83018498303444	1.14287527578732	3.8086935110977	2.26365563549976
Sobic.004G168700	34.6885161922044	248.6237514258	331.193547999999	49.0375137730886	28.9811098982066	16.5120097027823	59.8765529987174	19.1710083352761
Sobic.003G381400	41.2532805539097	20.1405935167431	55.1743801034042	69.770411144632	101.433884643723	114.091415852655	182.777759584819	141.783364489575
Sobic.006G167800	651.475198073579	457.771243544291	277.438557470202	497.383572633092	318.792208880273	817.740459828236	1453.57987202981	805.287422147577
Sobic.003G253400	545.746885307846	734.479609825474	614.582883332745	632.699205885151	677.835959285832	769.845582222206	768.537181114751	875.705639354179
Sobic.004G281200	26.4451027943772	90.3643615832847	57.7445981159997	134.225487368664	38.6414798642755	797.918101838367	1074.01723084365	438.411335405551
Sobic.004G181400	16.1967716257039	20.7501183491968	21.2629617061618	52.5444553596187	22.5408632541607	217.817520334733	353.811931037732	105.228378354047
Sobic.001G079500	5967.67164619842	6330.78348037024	6663.48711226796	7711.19267091912	4691.71968018745	14015.3016436784	14298.4124807225	8967.53205643592
Sobic.009G022200	2856.61218990533	2747.14372149306	3974.76890282984	3464.66145763037	3673.35567959769	4669.0282060263	4923.23727919662	5538.21661316899
Sobic.010G131900	2109.78318377796	1635.13225318697	2089.60669100808	1930.5147247837	2001.30664463727	1373.6508580808	1346.96994822083	1389.90203805385
Sobic.001G205500	190.871335725188	172.036425792661	220.109610294797	160.65511210767	169.056474406205	102.641136087721	91.731881191469	102.925756580051
Sobic.006G262100	1052.86995858478	1519.91464572865	1099.34907644999	830.45897527499	784.10002891259	765.932710051848	760.395442117188	611.294600636929
Sobic.001G039700	4263.1325293788	4549.95771134464	3769.56684490021	3933.81063439403	3677.38083375022	5387.94687407948	4990.75917053031	4905.32335249845
Sobic.001G120900	834.848980006922	797.735385057164	1075.75641808857	951.915533971526	790.540275556636	1588.81238356198	2213.65257055119	1938.90432990912
Sobic.010G071000	354.417687642808	563.667323261918	495.100971291816	819.478209699559	373.534305354663	2123.66618999213	2666.1300049604	1401.43127486678
Sobic.003G429800	51.631136443618	45.3041843546161	49.2139298271883	86.2801958656747	128.804932880918	115.576206284071	110.988943949301	115.449585561888
Sobic.004G161400	14.0632355709695	11.2650443071672	27.2299053016576	5.29800760681042	8.05030830505739	2.82356150936165	9.71902081942163	8.17397347925457
Sobic.009G047400	18.6093289855486	35.2338875962445	37.2066697647611	36.3018323934406	53.1320348133788	75.2437518946584	67.3696439715311	77.4143811542441
Sobic.003G349600	2.79094090862295	2.0725816233085	1.66070627771827	2.76479298731568	4.83018498303444	6.86044359417481	13.0922539588692	3.0077326744684
Sobic.001G387600	6850.75406319176	6539.37793960713	7945.63595962438	7308.67147478066	7717.83057205852	9400.79215227813	10024.5451836943	10159.0786322091
Sobic.004G217450	14.9239493042874	18.6532346097766	22.3161018844549	8.02434115437987	11.2704316270804	5.63249949098425	9.40168027368975	12.9278529441059
Sobic.005G206700	168.887329742529	170.926735650257	169.91860007921	212.763040062685	276.930605693974	306.678984862297	376.433237214543	390.114537206301
Sobic.010G255400	101.679028010752	284.016588741601	166.779778984533	139.062222629642	112.704316270804	279.39169211965	231.331227015522	167.993254252158
Sobic.009G152200	772.331033054356	1073.69350337342	942.302661379816	858.852644499287	767.999412302475	1327.88708768183	1114.40565201002	913.431571412375
Sobic.003G037400	389.783695944935	270.824775507795	403.110079603292	819.016957773769	615.043554506385	1219.99529991968	1674.62946905731	1107.73269991548
Sobic.003G242800	90.4352998939291	79.9771513506305	87.9548106231317	178.080697752078	112.704316270804	594.018538677766	441.606788259569	240.870905510927
Sobic.004G040100	923.707814273817	583.602334756541	970.419528451873	900.655852981063	949.936379996772	604.828372739267	823.380109378474	1465.90561904313
Sobic.002G215700	1419.19881605682	2339.52757288208	1400.66272539678	1712.45989894064	2159.09268741639	1859.88854030379	3350.36639237403	3359.71873374075
Sobic.008G028600	15.6478977996701	23.6883829889623	12.142475704936	11.9194899536439	12.8804932880918	10.252918886737	16.6790105927632	13.172217741671
Sobic.008G078000	307.095533969373	297.146660720296	262.491761803372	195.632563064969	255.999804100825	193.267309767597	133.214765599284	143.111750705935
Sobic.002G371000	741.468276549661	645.693740084575	830.502203421985	646.644301246373	516.829793184685	479.419145773279	368.925484927611	393.416651558405
Sobic.002G176300	1251.23350816513	544.99077250086	555.140031111079	558.739033126008	458.867573388271	518.934599300522	451.980552896202	467.531346235407
Sobic.001G222600	4318.61855834467	3704.29679076738	2798.95325532854	3126.46308475086	2883.62043487156	2033.33858031328	2685.51196913666	2888.83326991168
Sobic.002G301800	1306.07585459853	2202.17330724901	1762.0346273242	2776.61678417703	1935.2941165358	5058.61779867266	4398.29973325845	3205.69363133613
Sobic.003G410300	3.42735206933122	0.88998513256877	6.28902882938403	12.0745603066442	22.5408632541607	49.7410621731941	57.5097871688012	64.0413276282567
Sobic.002G021300	377.628111767783	793.942602494167	177.936289770365	492.636367249575	204.477830948458	805.744581807042	597.915193249006	267.980152780529
Sobic.001G522500	10.8939111135683	13.6302372886466	31.4226458994913	13.2433755583388	11.2704316270804	7.92968163084702	23.4799942518912	10.3910532610544
Sobic.001G162500	3237.89080006278	4204.98173760386	2709.36148336765	2432.71511032202	2527.79680778802	2587.44503156505	2173.04288700716	2063.4652177161
Sobic.002G311700	69.0050461020173	68.7303336305472	71.8039618024166	56.218127474308	32.2012332202296	19.935068220338	34.7561537364234	27.615480593475
Sobic.002G420300	1389.51394996162	1898.2873921272	1807.22329192427	1412.20831497778	1218.81667738569	2120.06073899	1557.86987759123	1365.44498390636
Sobic.001G141100	119.679669130603	20.4332048749141	40.1714230974843	63.3812439281885	66.0125281014706	55.6800618093468	114.770382264041	160.314104048937
Sobic.009G208000	87.8759652614492	179.217062143491	172.263239841313	431.488750622882	204.477830948458	1143.69893816713	985.912931467479	546.495179590819
Sobic.005G019800	2.32502002517023	0	1.90591983441491	2.61013349898718	0	3.40071494139938	2.55452090918929	7.14312447785375
Sobic.010G052400	358.482395977342	394.143875077066	337.804838314303	208.825408143731	257.609865761837	225.314144487971	170.006641820057	147.4844759557
Sobic.003G428300	939.067140305652	412.870016035178	916.674170506732	909.685891674249	764.779288980452	525.743006999574	890.404121217441	999.974264879558
Sobic.003G226800	22.5774079268669	11.862418081565	27.9596885169991	8.37696498007033	1.61006166101148	5.6471230187233	10.7595982189866	3.01454663190863
Sobic.010G103300	1119.58467615694	602.193828111209	807.047367766287	988.142720676611	1081.96143619971	1817.43294244086	1513.22649207701	1404.62041994071
Sobic.010G013500	76.6849892470171	47.6815283941514	106.724282533557	76.8603065010664	88.5533913556313	81.1123062311469	90.3111041910789	170.581811629252
Sobic.002G141300	191.605065469285	349.558575077407	188.050681761804	266.188038856523	257.609865761837	511.576659173595	612.169469547696	482.307337937753
Sobic.003G295900	831.350118225462	945.20559378635	676.900290413884	870.3140780269	739.018302404269	1106.69985051944	998.473598958128	890.293862262899
Sobic.006G188700	1190.31037222046	1042.94402268453	828.620171728544	1261.69762846233	792.150337217647	2214.41345507011	2905.28497450085	1974.25915008851
Sobic.001G163300	243.374895418124	442.178770119668	246.110256602281	261.687555737791	293.031222304089	416.868403363997	429.482959443545	354.868106994478
Sobic.003G276000	110.022135987691	99.8129824511468	164.198756959605	539.554891991229	262.440050744871	399.28254647082	471.350446062875	259.114873107857
Sobic.004G278000	168.955738464677	134.120431740655	243.353608165671	199.80999064518	148.125672813056	466.827016517748	528.468183139204	369.993610999572
Sobic.010G062500	750.222993179902	348.461035993058	475.540098230344	463.896001046078	383.194675320732	236.208055595764	258.62669796429	239.706816815248
Sobic.001G502300	19.8575950518315	8.29032649323402	14.9642690212082	20.7276410975844	38.6414798642755	40.346261348056	20.9572745655446	19.3200864255507
Sobic.003G265200	140.552786749441	174.181913764306	225.091840025851	291.024646879385	252.779680778802	641.140005995256	851.899033493056	680.143380055267
Sobic.004G187300	365.535173471466	234.920607788818	180.815319457624	331.221713038864	194.817460982389	714.639381541184	589.691253163057	501.363494654324
Sobic.006G175700	22.660360869448	52.3997632990545	71.46427164185	121.596556150146	172.276597728228	81.0509171494155	107.105254059874	105.510036571439
Sobic.002G371800	60.172636572449	110.480652983916	99.840489434174	210.429866167257	43.4716648473099	639.559552219769	420.089900688786	134.721504618211
Sobic.003G244100	114.915722616161	1869.24990517926	93.3037242643679	231.140590815723	90.1634530166428	470.588832169657	389.257436323699	202.47596869638
Sobic.003G211200	248.277587644148	145.177922096042	207.897227961748	97.6260811404999	77.282959728551	137.741938808398	177.870775620346	142.787970812723
Sobic.009G223300	2471.67328626599	2403.97300609837	2503.98314463742	2663.73298687123	2585.75902758443	3578.67849458583	4796.7767706832	5216.14997653917
Sobic.001G338700	2027.43025244556	1042.57949094285	1640.56123759304	932.051256864577	578.012136303121	608.361239240116	725.555142216603	830.747434065261
Sobic.004G216900	64.3340123584965	98.6182349023511	78.1768273580707	41.7135748608024	14.4905549491033	35.1385931014929	18.2876143803233	9.0682504568795
Sobic.009G169100	941.290869819867	1017.35711674436	1023.38279269387	971.395975506931	1090.01174450477	1250.92217658249	1528.76139237597	1528.08921783245
Sobic.003G365500	206.425120344171	120.282640500228	205.16177348107	297.498391533881	82.1131447115854	524.148962189363	245.508068627932	94.8138363802202
Sobic.007G077100	1594.32715386202	1125.03020883264	1003.33276253107	1508.61545315753	874.263481929233	2793.38795383349	3401.71723190105	2217.14182697524
Sobic.002G418200	6381.97913606801	8210.59859831358	8711.28725240989	5894.02984138187	6153.65566838587	5731.30597510431	5198.405322191	5903.89249262341
Sobic.009G085100	17824.9634363054	26112.5900129226	27108.1431238895	21152.356641294	21160.2353798434	28806.5872041713	21290.8757874622	19300.9461983452
Sobic.004G281400	147.826048948949	131.559835865452	104.785675629511	166.285129309006	57.9622197964132	310.300604813216	429.764853521369	282.676327815385
Sobic.005G111700	9168.16593167731	5186.80119030058	9229.5428039289	6691.38543599862	6670.48546157056	4008.90901862117	4157.13118194031	4867.41498739148
Sobic.001G282400	5.41139153999036	3.5477894722192	4.79602856663919	5.80488005615754	6.44024664404591	26.6070390920965	26.7297464404465	17.8633568662073
Sobic.008G129300	1620.41883933741	2029.9818755961	2193.07808188568	2026.08297099745	2041.55818616255	2082.83797320458	3301.70836609473	3833.06358703236
Sobic.001G010300	732.636721250879	906.485657972996	649.240549715244	696.255830562952	713.257315828085	960.046213609542	772.039377047721	688.595027241179
Sobic.004G324200	5.87731242344309	1.18259649073974	9.50630092538101	21.2296681376443	16.1006166101148	31.7982280409851	41.4048357717025	25.3084046415993
Sobic.009G177100	0.740357796469623	0	3.64366192405792	5.29718587746679	9.66036996606887	22.0506811171062	25.2271968634657	26.5082633368788
Sobic.002G209300	13.9137389868943	14.2276110630445	21.4888475517193	13.8676806502836	19.3207399321377	34.6959463898818	40.3119781511986	50.740766543603
Sobic.003G037500	82.9741162859389	50.6319440919729	194.982884362533	241.391270737626	140.075364507999	1475.193449085	1485.27424561337	1027.26605250488
Sobic.010G163900	573.771848996381	459.332494764422	842.279272889818	602.611570823212	626.313986133465	790.02241772828	692.543131846454	712.332163687507
Sobic.004G357200	732.571262626159	648.583400492118	1029.90704295492	870.320119997657	1164.0745809113	1147.00031117742	1079.98176253131	1352.61658802238
Sobic.008G152600	4970.3054793827	4714.08591625037	5043.57953469197	4378.09287895927	4389.8331187478	2783.02182200676	2746.18646598113	2672.82899270705
Sobic.007G206100	564.780875648007	464.940714801893	625.098939828123	548.076200716142	623.093862811442	361.428323863944	514.019736776999	621.029362547974
Sobic.009G028500	5418.07821677611	6409.32483494061	4751.08990198636	6215.83890161401	4075.06606402005	11475.8403909488	12636.1561424772	8283.89446909772
Sobic.009G196900	471.889231977116	322.444899161614	458.665774704433	417.055994515912	410.565723557927	266.404208014745	338.134944060516	382.120012582834
Sobic.008G055800	19.0588405679145	37.0381599774938	26.3401930077182	12.5446167749324	3.22012332202296	6.85220394533759	5.06286611300613	6.17929320247357
Sobic.006G240500	199.39601718732	242.35740232365	334.343846186471	363.094639952331	249.559557456779	613.875502092254	714.988268363239	523.355388764905
Sobic.005G021200	311.1874160165	376.733992248308	307.43907386906	273.015532900606	235.069002507676	228.453566036935	172.655751299285	207.766887038108
Sobic.004G018200	2331.78015368837	1737.56461487394	2259.22911710732	2237.38119443483	2551.94773270319	2923.33277032189	3793.43785401551	3932.76642329025
Sobic.001G484700	1380.03226350306	1378.39945517394	1046.85311557767	1127.32743541838	1199.49593745355	1121.16500565253	829.470936310668	864.149551509234
Sobic.001G107600	1070.28171610262	960.299873830684	1165.76679857901	1237.59796169895	1339.57130196155	1277.69780794378	1291.87731450804	1267.88659392942
Sobic.003G391100	1457.53052400375	1224.90690446856	1465.51684406978	2494.29787869663	1849.96084850219	3407.53126498273	2118.01996293016	1256.37986009039
Sobic.010G156800	26.8208302183488	16.007581328182	19.8693520424383	8.53162446839882	6.44024664404591	6.22746839021193	8.53679233805895	11.0273375262337
Sobic.009G137800	3923.70397226292	5577.99563564465	3542.71150820173	3946.32631109331	2833.7085233802	4579.59038434052	3239.79237549142	2669.15650822215
Sobic.001G163800	3.7227826755284	2.66995539770631	8.1998626589503	1.98665013638595	3.22012332202296	2.80708221168721	8.80490492063513	3.13332205197109
Sobic.010G086400	39.1607100553958	40.2933380915421	18.4630514471877	23.372621221046	16.1006166101148	62.1143379895849	92.6801788881859	71.7359220415557
Sobic.006G210300	2824.99625819728	3193.08505627064	2046.05366852668	3675.79619639018	1990.03621301019	5928.0269682713	6860.74648720432	4356.82178510197
Sobic.001G494100	31.8702475106477	113.382464449514	52.3958486094964	29.4463064907552	51.5219731523673	32.7842530201895	34.7531014786401	22.2048749911237
Sobic.005G229400	1195.56952334565	1221.5899850994	1191.4361631647	1609.90932262541	1376.60272016481	2887.8653946276	2170.58877314863	1842.04694776413
Sobic.003G158900	903.443240397631	647.876667195216	634.346626489514	432.926116187804	412.175785218939	451.92289920982	388.96579947276	344.62388074101
Sobic.009G231800	1734.38590468775	2180.52696849815	1732.07108197647	1792.35552138544	1600.40129104541	1408.10303666364	1277.86529669382	1375.61795731368
Sobic.003G353700	80.2281128611032	147.702064797078	151.965467591288	144.808439879561	149.735734474067	281.345919903044	307.645125109812	360.215863559641
Sobic.004G307900	70.8450798178412	62.5186642896496	172.882914244568	103.856395255122	209.308015931492	188.487880628826	183.057866074837	179.568294596849
Sobic.003G034400	70.9725608785962	800.40534045487	215.191967914339	298.465607569597	212.528139253515	469.86052392218	522.962688617661	402.154641641175
Sobic.008G112500	98.8247105005116	91.5469580740245	102.541513386359	117.758100800537	127.194871219907	162.59599059732	200.552680055869	214.136142075498
Sobic.001G534300	18.6677256729961	51.8631448149361	29.1450172618436	12.8911625973202	4.83018498303444	3.41214652968751	9.15404668920977	4.52314258216659
Sobic.002G050700	26.1588409723668	43.2680559054753	44.0671320550175	34.2013624297287	45.0817265083214	46.3820650764007	38.094461687348	18.0626692302982
Sobic.002G161700	580.643921079637	536.078770117116	451.206466710725	429.99253834897	413.78584687995	342.028994907539	337.074767481724	360.509558176386
Sobic.003G368300	116.963534210514	523.374971135205	111.474493931673	155.14657329222	156.175981118113	274.234197290449	211.824972184129	227.250081040658
Sobic.006G058732	2.98242487905878	0	4.21984524534855	6.69963382034137	6.44024664404591	12.5780119125623	17.318981101304	10.6819939123195
Sobic.004G101500	82.412805086385	60.1048670759466	89.9544277365528	120.803855008009	172.276597728228	83.1638577071527	146.63412383955	179.681888176569
Sobic.003G395400	137.18870973227	108.395920302552	249.700509230574	204.931817836379	191.597337660366	114.639403273971	214.268964564151	201.932434566757
Sobic.006G009500	5.47793518148457	8.8877002676318	18.0632945368432	6.46764458784862	8.05030830505739	1.13463562695009	11.9592534406623	5.65497039991647
Sobic.006G094500	103.953402780445	79.9771513506305	115.854904120152	101.089632911222	85.3332680336084	173.564584852893	173.394249442034	177.201232270138
Sobic.001G083000	14.9075400032005	2.96256675587728	8.17656441225673	12.1134306110623	16.1006166101148	9.08213272498708	10.2120508290877	7.29332441651006
Sobic.001G242900	12.0126524588162	13.3376259304757	29.5796557560787	15.4628366565611	25.7609865761837	21.5617884519226	27.7528970996985	24.524565706371
Sobic.004G291000	366.775534349962	309.765402295816	465.240788691587	404.668502417339	376.754428676686	494.42594486753	624.322974421822	701.657259167772
Sobic.003G278500	16767.9895014474	19068.5078968924	13752.1492491047	11796.534091367	15666.7049924722	25391.5457919973	17016.7702030141	19215.8126758582
Sobic.002G201000	243.859153869951	121.416632758745	238.492323821471	171.343404157988	119.144562914849	115.864074392954	108.499519254499	115.690903519001
Sobic.002G420700	4.2716565015622	0.88998513256877	3.44837953177118	8.60936507723489	3.22012332202296	2.27751090273741	14.3176058878211	12.9278529441059
Sobic.004G316700	3688.60810818593	3740.35990820591	3477.10330674882	3396.02139290932	3461.63257117468	2968.42033341953	2690.0931851976	2610.62424116274
Sobic.010G089700	1750.67351187423	3766.49033438401	1553.79855054995	2329.60527462645	1363.72222687672	5292.94947608536	4230.1583577363	2689.82213673037
Sobic.009G178100	459.547308479789	345.645267898681	495.08215533671	461.350523389858	468.52794335434	372.00401297743	468.563488137742	501.152832951771
Sobic.007G187200	2001.59543661652	1724.41024077913	1701.22286560221	1500.52402593739	1523.11833131686	1346.21575113603	1233.40500556331	1381.33740886788
Sobic.004G252400	363.449882157199	159.344777868808	271.516991875865	390.122025419019	357.433688744548	235.761103406931	284.701955997872	192.343411030563
Sobic.001G006600	43.3412666603302	50.0345703175751	58.3509131607624	54.962617557772	70.842713084505	75.9325488705464	91.7410379648187	91.022047376778
Sobic.002G162800	5657.51960734427	5994.66303082461	5900.73771189872	4134.35493522418	5404.97699601553	5211.86535242211	6216.96104905302	7201.5632858638
Sobic.002G337800	0.740357796469623	5.92513351175455	1.34764903486801	1.98706100105777	0	16.4982027441388	8.27173201326602	12.5961372450721
Sobic.002G196100	12.7530102552858	7.10773000249428	14.4472089900986	27.6212155753441	25.7609865761837	18.7515143007845	15.4157529254021	30.5316936776419
Sobic.010G101100	76.9119479444334	77.9288718434339	76.4194396250227	55.4314414320447	82.1131447115854	41.4282671425318	31.5729845434397	21.4812398244758
Sobic.004G300300	322.873939652872	2666.89333107623	310.153854998299	666.264639080322	413.78584687995	1117.07497375576	1348.52715859384	1041.224505505
Sobic.010G018100	513.301611784187	177.998012478584	342.439325915782	238.883019927136	120.754624575861	168.892649162437	173.523019810004	167.588108441508
Sobic.006G237500	54.1075813201502	42.0733083566796	94.9102212470566	87.2239216175228	161.006166101148	111.18330511631	139.163749024126	176.694488677549
Sobic.008G176300	610.240304735662	540.577300012184	638.252862875916	445.034701389579	466.917881693329	333.544429083879	383.679366285571	376.082799335096
Sobic.010G201900	270.419006378943	221.839140042345	241.436445151558	284.449671332184	307.521777253192	386.331516577215	420.608497964968	473.826585411237
Sobic.001G100100	1436.01129912267	1046.95749622219	1236.82764376473	1137.25561319534	1135.8985018436	942.060993358441	745.662588167553	732.249479843654
Sobic.003G316700	3283.46031512043	3503.0583457606	3712.3469690598	2931.68690613373	2922.26191473583	2342.35792970814	2117.87362404453	2053.86995841452
Sobic.004G295500	12.1995520371586	20.725816233085	21.7128139156494	10.1656507790943	0	3.99753961056245	2.43334882548784	4.6282900873486
Sobic.003G258900	2349.55688836673	2815.58193674786	2280.5417659879	2376.56572527385	2843.36889334627	3178.07867666197	3516.22758006288	3529.84325726623
Sobic.003G305000	519.745726236425	288.307564684888	234.661091316635	386.56734443884	320.402270541284	266.766300592269	278.316168835989	255.468496388649
Sobic.006G100200	109.291738019561	89.7791388669428	162.362731865271	193.992132853074	74.062836406528	564.775924909237	797.158992632768	448.835798886645
Sobic.005G014000	26.2099971429142	16.8854154026948	59.461761439841	37.9050357596052	43.4716648473099	142.34113487359	193.966706672372	165.45341511458
Sobic.001G035000	988.153428268069	1470.29780796676	718.137381809021	1521.93465218896	650.464911048637	2095.83567381272	1919.43701862724	988.097354946742
Sobic.004G030900	324.090829293007	441.764648180938	532.654250493189	639.907703574769	650.464911048637	848.756801798546	625.569548739462	585.288333839788
Sobic.001G323701	1059.4250294037	969.797098930769	1798.53829633081	1144.75053381141	1080.3513745387	1183.29507362074	805.660613237371	1076.37182651913
Sobic.008G150000	1381.64643158712	2531.21854986925	1562.50013825861	1942.4235756221	1407.19389172403	3947.78240084285	2862.48720475761	2094.41848357227
Sobic.010G096300	6754.21988701502	2703.53247806754	6240.88414420109	3659.39277348235	4310.13506652773	3737.20175548194	2817.73337560051	3598.73357694243
Sobic.010G196500	2262.1270587542	1180.61421582706	2024.9217023879	2095.3870083771	2337.80953178867	2071.64807188009	2557.88795314067	2771.27216269495
Sobic.002G055200	53.3744640405807	43.5242140894786	69.2451304298518	39.9649919602118	59.5722814574247	87.4764407882216	79.2425788091178	94.8256147842568
Sobic.005G230000	50.063789953151	68.7242581015193	115.20454792816	129.494984374024	123.974747897884	152.669249800702	165.413274460838	146.064059880321
Sobic.007G196201	60.2856365994038	89.7548367508312	86.268414887294	145.253099610826	54.7420964743903	437.203786390514	551.036650203571	301.691451488871
Sobic.004G181300	121.446583358919	109.931883441742	140.450500887047	276.21620149673	104.654007965746	973.098218365203	1221.47905757288	536.89031765863
Sobic.001G496600	418.182546800597	614.422256881694	382.494553486832	293.790502527167	300.276499778641	258.180793996533	283.569913993948	214.799573473565
Sobic.001G127800	992.089960625147	1130.97045129694	1348.1126203543	1631.02853472573	1576.25036613024	1881.3661447128	1701.89891618056	1773.11095935684
Sobic.001G296300	1637.03840662802	741.360573324275	1008.84307235456	1245.1610444767	838.84212538698	2152.40693391434	2621.41371066564	1621.75660765827
Sobic.004G207200	198.783665210212	162.319495682741	133.366761334226	99.7899964163089	61.1823431184362	95.9761497400404	78.9971823839318	55.0127303707642
Sobic.004G326000	57.2841462944515	111.065875700258	98.9940715250325	75.2182328304837	46.6917881693329	56.6482713213612	76.2806031027455	48.7106017562679
Sobic.003G073700	36.2458506479713	6.51035622809647	1.98295564633965	2.61013349898718	0	0	2.02968967668046	1.01305239768742
Sobic.004G336700	26.1634253644602	18.9701480840593	29.4759870264376	22.2385676270513	20.9308015931492	23.2164195694698	14.1964338041197	14.5620382718665
Sobic.009G053400	176.62578496797	204.576055875088	201.186395029988	139.464314274443	159.396104440136	113.967004551001	74.0524360968438	91.6881240434528
Sobic.003G053900	1033.22142952717	844.526928318747	949.070390525065	978.665253229578	1149.5840259622	918.963795794253	1114.32842545991	1327.71156088373
Sobic.001G141800	286.158962718748	140.118471600744	173.120350864889	199.588861921848	130.41499454193	235.429142083086	221.158575693545	183.365884406222
Sobic.003G324400	2425.28838199121	3037.55736308094	1786.45814351867	2625.51136673186	1363.72222687672	4584.77189011042	5239.640622701	3788.47576509596
Sobic.003G029500	881.763277453432	918.617371261452	721.04370557438	788.259142196005	742.238425726292	653.22604117924	550.747563655136	546.778714812785
Sobic.002G412001	154.311716902647	85.3535153202109	89.5969685145746	73.7437114174039	94.9936379996772	186.645073757538	81.4169718253793	59.2288765119234
Sobic.005G131900	2.79094090862295	12.4476407979069	25.8052204548648	12.969314070828	4.83018498303444	6.77351899683618	5.82095644746519	7.76842609675991
Sobic.009G010400	1233.07349803426	1887.67949091988	1430.33605914213	2376.72035014623	1110.94254609792	4631.47385786039	4355.35031564894	3097.36388168622
Sobic.002G269400	1782.10313359435	2009.34210273424	1049.42370016896	1742.91648386409	425.05627850703	2557.42192303872	1643.70025669677	848.430417513236
Sobic.009G184400	791.899608305389	934.427577766248	791.878350516955	1323.95300921908	653.68503437066	2705.99591752087	3332.33019643808	1979.87397179217
Sobic.007G198300	2195.87209821196	2135.63592011745	1969.26228089605	1510.11235219227	1569.81011948619	1297.12053309283	997.184142628209	1065.44541059985
Sobic.007G050100	6829.96648779068	3827.39026953784	11718.044861798	7820.51625505658	6237.37887475847	3617.03864208787	3949.74445416522	5102.73708555308
Sobic.003G156600	573.844624863648	464.378808236833	500.145867569272	895.424202771598	407.345600235904	2105.40941942661	1739.12840424934	1227.44968762672
Sobic.004G094100	662.278536980522	437.631635992377	897.620439954901	530.472306397661	575.597043811604	422.174937145344	482.253081570515	579.99764663867
Sobic.001G284400	590.226615293194	2320.15742584701	543.558348989415	768.950875761622	227.018694202618	1134.20354785567	648.949034404835	184.077523775088
Sobic.003G248400	143.578220845001	133.022892656307	176.906029345801	172.81513448514	125.584809558895	292.379081764149	293.734295348962	207.563916253901
Sobic.003G346700	5344.91857249233	5695.42309698185	3719.34166882052	3731.9138364119	3708.77703613994	3991.72855778268	3338.8646123133	3523.56491310044
Sobic.003G385100	2918.34201320878	1210.36237993122	1794.18872238988	1856.20355364128	1666.41381914688	1686.93532298209	1189.26207697716	1062.05258735902
Sobic.002G232800	24.6562252491006	86.8287231691213	34.7942972144031	68.321456402124	30.5911715592181	185.496631171945	209.258450379981	112.896947482839
Sobic.001G441500	229.061779189272	148.628503103814	163.76192395111	147.438039982472	103.043946304735	127.658125083452	119.172870578307	104.201079075889
Sobic.004G085600	1387.15122650458	814.780736144245	1262.73088626076	1152.76046454479	1194.66575247052	555.722397796744	536.865066586996	611.116131717002
Sobic.008G030200	282.916428204655	126.768694612213	202.147625838602	171.611472608971	111.094254609792	118.949226263427	137.109106030762	139.566284707775
Sobic.010G077200	27.8474498368287	11.2650443071672	20.9126642304286	43.0071333524128	25.7609865761837	73.7592584319177	115.777664672062	93.1136464779479
Sobic.002G039800	1751.99116214923	3925.07385893471	1339.45717369044	1340.19874329402	1463.54604985943	2363.92802161914	1716.90900724565	1458.09113103334
Sobic.002G126100	6.04780270069863	4.14516324661701	2.74522923414592	3.89597052860766	4.83018498303444	9.0478379601227	7.17887439276207	10.3256676521321
Sobic.004G065900	2758.40766452076	4023.33872718861	1985.66626327574	3994.7601302656	1112.55260775893	8241.08541158138	8102.97979169664	4406.96411167052
Sobic.007G137300	76.6493359404101	12.1550294397359	93.2433499195245	81.4980147642167	69.2326514234936	56.5230367427867	130.642074559189	158.140553280386
Sobic.002G359700	528.758459498322	425.962648874876	227.018502760801	497.046972529603	412.175785218939	2115.95387100732	2233.42980731713	1381.55203330935
Sobic.004G070200	754.171814576686	838.652370968874	1215.94230815869	1162.00833107473	1597.18116772339	979.728099914941	1566.9222219352	2050.3117176406
Sobic.002G225700	302.621436358181	658.921020527718	257.598636161838	684.762624335518	125.584809558895	1270.60507542924	1198.58547496358	537.531715668851
Sobic.006G259000	2026.92734305094	2589.81897715603	1652.19133760797	2644.77439938933	1197.88587579254	4173.58677392284	4176.18177349023	2807.63725787073
Sobic.005G165900	162.289568199024	194.395413629384	138.294310040452	220.001191006247	177.106782711263	381.791934868574	302.322409393676	218.474110477171
Sobic.001G084000	326.581450250447	299.804465059946	147.660953057971	412.853362195573	259.219927422848	919.573739403353	854.391151906158	569.700383519387
Sobic.004G271900	7698.38525850592	7182.04934361038	8034.36692244468	6586.24604549971	6171.366346657	8148.77786048044	7529.60120556809	7503.30067208301
Sobic.007G117100	554.336374567348	562.388504271561	550.959653175306	558.463979975605	589.282567930201	629.059227564946	644.611321377592	745.78597995212
Sobic.010G126000	2268.40218566497	2105.19317377444	2399.01464696499	2036.03702496991	1985.20602802715	1676.64519406443	1541.89290941367	1352.0980992414
Sobic.003G261100	344.230101774756	378.745818581338	345.729499153417	437.361488472406	445.98708010018	561.996429611729	776.906674673495	851.998045703924
Sobic.002G161800	3339.65133079121	3305.00939375344	2619.95576904874	2700.62847463225	2648.55143236388	2335.30269359832	2409.23648426463	2538.51375980578
Sobic.007G190333	1553.07115460571	1007.77384827305	1709.44755569681	1493.92665551272	1653.53332585879	2178.05611546311	2435.51550287621	2515.62848006437
Sobic.003G159500	1986.18069168173	1690.7133022869	1682.14513954618	1365.56244590946	1326.69080867346	1110.33542572382	1091.33352535649	1216.08148982219
Sobic.002G139400	13.7176706243651	6.52250728615234	14.175834245484	28.5920664896767	19.3207399321377	43.7666475265807	66.026100508764	39.9562703947088
Sobic.010G000700	318.202598397718	371.125772210837	337.269209222518	299.793021022789	304.301653931169	472.595149682579	565.531831162651	569.074020761476
Sobic.003G248500	539.432397126101	691.449485516918	513.25666627997	550.748957797882	764.779288980452	788.736087476093	749.638916299312	708.38408845043
Sobic.003G300100	2.1381204468278	4.74253702101482	1.98295564633965	2.64859293873339	0	6.19636556479846	2.52271968634657	2.00830819166144
Sobic.007G033800	7439.90887046329	5224.0620131824	7922.53623230676	6133.38863532905	5404.97699601553	4254.46750515372	4328.83758599659	4661.43028824651
Sobic.001G137300	941.006179105889	716.600925296736	1311.88314933964	828.929359744252	1011.11872311521	563.716613322192	560.929156626771	669.179906381738
Sobic.002G173400	150.72485621454	309.960805189539	155.476776814061	134.340780721128	151.345796135079	153.879979081879	117.132602067472	113.021809197879
Sobic.001G416800	85.4644297317446	50.9367065081997	105.296263015742	172.546655169485	88.5533913556313	96.5792772433488	125.688243206649	135.888993738689
Sobic.006G163600	73.0979499792838	126.756543554158	85.9680485759706	59.5160963441117	46.6917881693329	47.0145206799437	56.9273862982763	51.7878887284915
Sobic.004G077500	1645.88087002743	1688.39572757282	1632.64013454331	1717.37870561156	1526.33845463888	1419.91755465783	1161.5093136312	1103.09394197554
Sobic.001G526800	510.371364905816	1270.39992320545	1496.26959919795	1270.03572424752	1147.97396430118	769.784041302224	742.213315271785	805.071469907809
Sobic.006G102100	923.599393148819	1120.82724819023	767.0468951313	772.088213287074	806.640892166751	836.578699761528	892.864574835976	942.246265905816
Sobic.010G247500	3.25686179207568	0	1.7876732540529	18.6191237739853	17.7106782711263	15.8606994312096	4.30172352076382	11.2021480260437
Sobic.004G129300	2579.60320110193	2326.9766480907	2380.04411793618	2398.05555943527	2308.82842189046	2059.69625690636	1756.37641198383	1791.12480165075
Sobic.001G325700	9288.29134972208	4609.28293877535	7180.65318861426	6973.95615875414	7998.78633190503	7159.66089432967	7671.10154626169	7318.69593316937
Sobic.001G212701	160.953943377693	164.099465947878	218.392643668122	172.303742524403	117.534501253838	257.071390208689	325.281375048951	333.903865746402
Sobic.010G045700	30.150569731672	34.0634421635608	26.0677106687736	64.8072042182758	20.9308015931492	316.841638917432	166.433652706378	42.2351860621873
Sobic.009G142200	284.827732729611	598.37772939693	97.7522857340648	268.200488500458	117.534501253838	475.642281832668	550.80669876975	376.799845323974
Sobic.002G051800	1789.95835255792	1510.38753596584	2118.32651625969	1955.55029285389	2036.72800117952	1515.73172534714	1460.50900348112	1514.73613817565
Sobic.001G468400	0.465920883452727	0.88998513256877	1.15236664258126	2.02552044080399	0	6.84901200588667	9.71902081942163	24.3838249937622
Sobic.008G107500	732.89883618337	503.234377618463	909.108080908158	855.376503793943	832.401878742934	687.172759667586	655.251905976757	827.673236199066
Sobic.002G295400	2.15452974791469	2.0725816233085	2.37304870111465	4.59719450004495	0	17.5299540764958	33.3201871550143	24.6993762061809
Sobic.006G063500	75.5177478560285	33.4903705052747	53.7837649532047	104.400168652303	91.7735146776543	256.149338897666	330.251889751212	276.568615213685
Sobic.010G056200	8098.16070506471	6415.4611330211	6415.15481815701	5104.64864193613	5181.98345596544	5783.47097227482	4351.61767788941	4852.91679442641
Sobic.003G151600	6938.81337072334	14011.5795173172	8122.73865853279	7872.21923127568	8971.26357515596	12761.1786561216	18786.0105643733	15564.9529696596
Sobic.007G124100	3565.57716107936	3485.72005007299	2057.56260043083	2775.10023134902	2584.14896592342	2991.17160023266	2897.09993196673	2474.49324979197
Sobic.001G338600	11.3716569060145	162.783207818524	40.0406497203284	54.974858531152	17.7106782711263	315.854055136968	498.564807252332	54.6811233686031
Sobic.003G396100	511.576443175972	424.720283058687	630.259670800115	513.399851442063	417.005970201973	765.804958222785	696.656748735976	684.512113408374
Sobic.006G214300	112995.143476011	85693.3077411553	138354.6148762	95757.0253698215	109231.413268002	65323.6923949645	57396.7045004183	59664.766147663
Sobic.006G190400	51.120572048998	64.2743324386754	54.2455080949546	69.1857980864488	62.7924047794477	114.836331569143	113.704036449302	129.981538557287
Sobic.002G394400	3990.11338283442	3872.80513262215	3458.40915311754	3749.59731137563	2819.2179684311	3889.11103524182	2900.74594103628	2399.71750379724
Sobic.002G262300	3857.77298620268	3525.54853032386	1598.29717870112	1855.52276915992	1750.13702551948	2245.85957790449	1462.04112410916	1654.24058516177
Sobic.009G072200	384.034425144937	608.833249396136	550.203544637314	423.73023159923	622.288831980936	394.345686513763	597.245978807643	966.281617406097
Sobic.010G149500	2190.86515153402	1811.64192079375	2092.2855139707	1925.97119576333	2042.36321699306	1576.54245082295	1487.52831399155	1666.12052938512
Sobic.006G100600	5571.50401438557	3637.59651005694	6229.56475260611	4506.11279292278	3957.53156276621	3620.40452869747	3650.80080505275	3951.52250822807
Sobic.009G100500	1828.7247745112	2346.03694314535	1572.19771695851	2806.84745458469	1130.26328603006	5638.90488433653	5268.03210685148	3106.10122244872
Sobic.009G176700	886.301811859205	751.079475363856	1362.51408608711	1085.00694568285	1204.32612243659	684.806987997994	680.161025891415	878.348073649387
Sobic.001G284800	59.0392988004077	57.751825152523	83.0440342818863	82.8546926700269	66.0125281014706	98.540192582145	91.4835042163967	107.023018604275
Sobic.001G059400	320.664858771809	585.648642334078	271.118104513882	781.492190540435	239.89918749071	1563.76585092115	1798.06906438206	851.319232855125
Sobic.008G187500	25.7139137820944	7.69295271883619	49.3298177585579	57.1950563919433	74.062836406528	77.4784247071934	120.582253646053	97.1561794489044
Sobic.004G316500	67.5462306394049	48.5715135267202	61.0381266990574	48.693759036629	53.1320348133788	39.6936149069678	28.3209234876936	34.2876720799119
Sobic.003G037700	554.253537017761	510.586114746905	520.995925953934	437.386885209429	454.037388405237	368.93132518826	356.061344069409	386.496328157414
Sobic.001G488600	137.558683947699	222.716974116858	158.468969007782	175.214240944042	189.182245168849	194.780530685396	179.758885923126	172.160472145981
Sobic.006G093200	29.3154340836278	24.5905191795869	72.9233663427348	49.9824721189522	57.9622197964132	14.1521023116726	13.9858908595595	38.3151624126352
Sobic.007G065300	1587.06615423324	982.586941283897	1571.98237059602	1305.41937919434	1281.60908216514	872.299261121438	832.040416785788	938.486581095937
Sobic.010G081800	412.228118442794	714.589098963706	349.641397848233	311.830850315149	243.119310812733	248.95345848717	220.542635841354	206.34187487233
Sobic.001G076400	4381.50822590313	3869.83994121415	4830.43014406237	3894.35932155489	3547.77087003879	2544.46491968162	2642.94882797809	2901.08952886428
Sobic.010G276000	62.0909234457673	45.3406375287838	50.8925486266504	95.1154721720996	67.6225897624821	193.923958009407	249.022952849178	173.441704144624
Sobic.003G296300	369.175003204413	311.483631305844	327.519713231934	343.315654982657	223.798570880596	574.02592779473	814.110102146449	652.928952064836
Sobic.007G005200	172.859086638794	440.313742448139	259.076344373864	170.675320448909	143.295487830022	285.394537252646	160.367906796041	133.494056616628
Sobic.004G221400	776.493188904283	612.838182492696	1043.19068347154	904.281977698997	529.710286472776	917.011673794696	657.375192410054	491.192665296827
Sobic.003G375900	2202.1982263875	942.301810391094	896.914998148045	1125.2596834716	1463.54604985943	2469.98002627116	2801.07003721994	2702.52077416205
Sobic.006G156300	1258.26002936408	1552.58235490308	1520.60502305113	1242.76194611194	1176.95507419939	1415.66919508704	1229.82338794318	1169.4951090153
Sobic.008G157100	1102.32081568962	616.416842592469	3196.52124424479	1659.93266386469	3247.49437026015	509.567918491537	614.741174146025	1158.52960064886
Sobic.001G469100	58.3107659129315	104.908886120612	57.8802854883069	107.193319396118	48.3018498303444	266.158044334818	346.150908950616	214.210191152704
Sobic.003G434900	2813.06112939327	2675.11009849867	3016.52175320806	3253.22857023505	2991.49456615933	2907.21739100987	2409.32171221554	2325.20568012558
Sobic.006G062900	107.828453557849	146.921439187013	187.641536028522	325.49237139798	283.37085233802	868.79084389468	600.497627062215	516.75638250261
Sobic.002G264100	397.626581338657	322.786114752008	384.943530405541	323.238948308056	428.276401829053	352.829442157403	406.881419498842	537.588934970364
Sobic.008G138600	645.998334369853	661.396558996531	756.867871338799	802.50575010512	777.659782268544	889.099962210024	994.038357894252	1064.02446598392
Sobic.002G299200	19.945132386506	33.173457030992	12.7777823164077	27.4256314592385	14.4905549491033	27.7746333143955	49.8515138583104	47.8842469592998
Sobic.001G538500	947.920315605677	644.981424241061	1223.76271631789	985.779778402976	1028.82940138633	478.174128435063	569.001681895258	617.534281786081
Sobic.003G298600	3436.01338825881	3149.64065028331	4320.6736384732	3942.04777666158	4852.7258462886	4179.00464990963	5414.90919771885	6350.73441185994
Sobic.006G120301	36.6005843787626	48.2789021685493	43.5950891931665	52.5865276146367	28.9811098982066	32.7462467154543	27.0205751804127	32.2437706808236
Sobic.009G143400	1755.09965360009	2431.18586240827	1751.83425726697	1664.20068726944	1577.86042779125	2214.11851451277	1900.04652410637	1849.12022673326
Sobic.004G187800	275.3249671943	387.876540010087	283.885136054791	408.779893690564	255.999804100825	829.154521808316	742.553924675531	672.239109597195
Sobic.001G143000	1855.69607410519	3213.88870867621	1062.79040865245	1600.01564404543	801.810707183716	2220.36323240127	1145.50670995041	774.765738566272
Sobic.009G173400	22.6721857784415	53.6552661381295	20.2653025519616	26.2131004938387	6.44024664404591	6.26361892501174	7.21372787338802	2.53263099421854
Sobic.001G460600	471.15865542936	354.789126350317	440.474713191991	448.071805375598	574.792012981098	550.107140338123	593.500417208193	533.501349565933
Sobic.004G036900	1277.06994791762	1238.42778223469	2716.24319589024	1824.81026698456	1936.90417819681	1722.00469890557	1399.06839220323	1457.51257367041
Sobic.004G181200	22.3102115307501	29.9425810330555	35.4659005991607	90.6758132130857	35.4213565422525	367.960504258496	602.180593954167	191.477443635779
Sobic.002G185000	6.49272989097107	8.8998513256877	7.5005187621463	14.4915748775567	8.05030830505739	117.837231181309	133.005924559599	87.1778136184033
Sobic.002G225300	366.940355218351	561.132015467657	362.240440877734	573.000887154672	288.201037321055	1674.44061263768	1580.53555335813	874.04498223651
Sobic.006G165100	206.946372424651	588.307432638558	420.342916708677	683.498472291674	268.880297388917	1496.24039092394	1424.25059745799	866.958327625896
Sobic.003G251700	53.9524785138415	107.774244412042	84.8017399472	88.9004310479079	96.6036996606887	52.6031495877108	95.655785686496	90.215012603749
Sobic.003G310000	122.560803498707	130.011721668205	187.006537012115	289.849101828593	101.433884643723	536.976019336977	412.218103883849	207.024265324063
Sobic.007G192900	51.7733925107932	16.580652986468	38.5861178586127	53.4501325363924	56.3521581354018	48.9870835309474	81.8311381004438	123.176835039035
Sobic.010G157500	0	0	1.34764903486801	0.700813106765473	0	4.56645339376296	13.0059353557937	8.44294883797332
Sobic.004G034100	4.56708710775938	2.66995539770631	8.03168491417838	3.3882763499169	3.22012332202296	6.22427645076103	4.4630385021683	5.15942684734593
Sobic.007G142700	109.011082419784	99.2763639670285	105.725987514825	91.3806499997948	32.2012332202296	108.49350809521	70.2559516168791	55.3267581629573
Sobic.004G058900	945.726786931651	881.370671367347	1190.52594159196	1120.72607147126	1043.31995633544	947.023010817675	874.724644345119	833.344621694991
Sobic.006G263300	1404.08368187219	966.431575329387	1576.43108873665	2367.29272019382	1487.69697477461	2480.35556106005	2986.72164699615	2571.92619516488
Sobic.010G236300	1600.34118309387	903.791400459178	2123.22142538632	1606.04029594498	1352.45179524964	1091.85824941848	1182.73800844745	1376.36724940863
Sobic.002G269300	878.111625370231	1771.99554667367	676.080781777657	1171.64890661958	230.238817524641	1573.52181337808	1154.61336700962	435.304548906803
Sobic.001G086400	1.68860886446196	4.73038596295893	5.42214305233971	1.94777983196792	14.4905549491033	27.1682328268797	25.6770317176456	28.7226978500713
Sobic.006G181600	26.3759030280763	13.0328635142488	28.1636913052585	22.8248241439218	22.5408632541607	17.0264378835731	20.9489328906843	17.5587883000618
Sobic.001G381300	13.7632205726789	9.48507404202962	7.41429082445047	19.7114310108592	19.3207399321377	79.6831149399113	64.1388770123705	48.1072654299081
Sobic.001G056100	41.6736514890485	50.6683972661405	44.7935805993363	33.3811473237809	28.9811098982066	23.2589539831714	34.0040245017367	21.5973699759309
Sobic.002G390900	116.510344673201	109.017596193061	93.300389593345	107.197343076062	69.2326514234936	352.160809187761	461.990825715455	344.735882805204
Sobic.004G253300	51.3858401778281	55.4109342871553	42.2358568211015	70.3035870271199	80.5030830505739	20.4975981246367	27.0667508857852	49.9993347732416
Sobic.002G028400	1115.43001929698	834.817059702684	720.574716406903	682.571966823495	673.005774302798	578.43679943232	532.967282059111	648.127442993205
Sobic.009G224500	22.1570369917281	13.9349997048735	16.8701888556231	14.4522937084668	20.9308015931492	62.4453411573457	37.541624880372	35.7691208972816
Sobic.007G059500	262.606269923575	98.0937674762889	210.376172469196	190.916788295085	138.465302846987	92.5131481030573	128.235237539467	110.468953725085
Sobic.010G123500	55.524409396402	22.7862467983377	23.9026352914727	32.5252638640151	37.031418203264	14.0848489514594	30.1522075430498	34.5184089625965
Sobic.007G203900	60.2337525713365	51.2536199824824	77.3635150115245	82.9736838045373	83.7232063725969	115.340927485284	109.094872546749	105.182706954983
Sobic.005G021700	333.147362815558	157.320800477723	293.203041301498	224.195450068802	194.817460982389	137.438414678761	130.527750381646	156.275848463686
Sobic.006G179600	1455.93087794318	791.237179887123	878.00121173241	939.991935371165	842.062248709003	616.470134867177	668.193430775893	662.140547901361
Sobic.004G106700	118.236356531931	79.4040796923445	95.2237502197053	118.932583190862	107.874131287769	195.548005901961	265.586759445528	241.077208624632
Sobic.005G030500	1112.66790054367	343.280074917202	1586.18878319615	1121.91761818091	1387.87315179189	923.221866062561	1239.29734644317	1607.10923989804
Sobic.003G396000	5417.34662446126	10601.4861928061	4771.75919823049	7888.04891700002	3537.30546924222	10348.4625215893	5680.53805916486	3141.10329857691
Sobic.009G205100	45.425574811804	91.2543467158538	68.5934906207648	87.8170778670394	78.8930213895624	211.8816383011	251.270112071991	111.310242463415
Sobic.001G173600	51.6658833130785	45.023724054501	112.420630709303	88.8526916542592	91.7735146776543	108.07053932855	104.018375341805	118.589938965044
Sobic.003G270300	18.1808110963631	152.834421640711	43.4249919667672	84.4393361283863	43.4716648473099	210.075879578464	173.822998335803	44.593006556596
Sobic.003G077100	16.3836712040464	21.3353410655387	49.5363433305428	10.9429719006804	9.66036996606887	11.3367804511482	8.83670614347787	9.67158678323935
Sobic.002G242500	420.476791883874	275.409348774083	469.613389381255	389.630363056673	471.748066676363	349.951698722132	378.069696173259	432.310431039374
Sobic.003G214700	596.409434891672	633.161041880277	697.023146027995	552.265466499205	610.21336952335	438.554832457143	438.381037860931	396.047507403493
Sobic.003G000800	313.499589302536	260.962032701203	338.803551825999	403.604878834862	412.175785218939	497.393980344753	488.688347673194	509.015967391803
Sobic.002G359300	15.8722003722797	80.5866761830842	40.9332249554921	55.2363531473855	33.811294881241	103.311597995999	123.217125071029	67.3085764353963
Sobic.007G177100	214.272782248626	78.7581016857231	194.543910076614	199.3581681868	191.597337660366	183.714835368956	253.21305988573	318.888256299341
Sobic.007G132600	8.28528539119439	91.5591091320803	13.9975209153441	15.5012960963073	8.05030830505739	18.1363545640116	17.0508685187279	12.5893232876318
Sobic.001G314400	2506.89236037187	3135.44061871096	5525.56987884057	6604.02748085377	6803.315548604	5267.87638797211	4101.62884311523	4467.07948906176
Sobic.006G160200	268.456075994457	384.165204236528	310.193363656677	328.886292823182	278.540667354986	225.84052385747	279.047747364682	274.288870572796
Sobic.004G205300	11.8211684883804	10.3750591745984	22.7231640013766	24.5786633184713	12.8804932880918	26.1168102573974	24.0941963452588	25.6359516518001
Sobic.010G106601	36.14914452911	204.770472803982	50.0478535019695	78.7599360747136	35.4213565422525	129.507909770993	113.321599689183	96.1992708278373
Sobic.004G309600	2340.38400363945	5038.42687345111	1749.30108146752	2167.17440223488	1312.20025372435	1940.90559550152	1541.26761954336	1234.96001564218
Sobic.005G194700	1345.49206830897	1211.85581436722	1407.48774196878	1040.41874084727	1141.53371765714	1058.50784262079	840.31740060401	912.808932501902
Sobic.001G055900	415.652405021705	572.410196797709	397.472134573714	404.261898245748	418.616031862984	535.764932165843	472.633511045637	448.801763979099
Sobic.005G090800	539.167909061151	541.253655663945	385.003992761768	447.366586772163	336.502887151399	729.808422564856	396.436614197618	326.180206594069
Sobic.003G334600	608.423195539043	1127.8965530889	983.890800114784	1891.40928643395	758.339042336406	2329.50172034451	1423.83139717619	1009.57094445445
Sobic.007G022500	2031.37224269106	2064.77635317268	1851.12029108879	2152.22724573439	2094.69022097593	3332.44837223681	4035.24064384115	3844.53037637994
Sobic.002G190400	5.69041284510067	21.311038949427	14.4879480287373	8.76320283621974	8.05030830505739	3.40071494139938	1.850947954963	5.7847284662521
Sobic.009G200500	802.845946259936	806.367913105623	874.829703568101	692.141344369247	726.137809116177	588.876423024119	560.126384355641	573.416301428509
Sobic.003G003600	8465.76036656261	6190.44498427956	8102.90982952703	6296.06898462742	5849.3540144547	6584.92988991612	4683.47770532685	4685.86602189677
Sobic.010G041700	1085.77367040421	1482.41835616199	1164.12068646428	1494.52661103798	1201.10599911456	2569.23308703939	2173.866947184	1733.21802077431
Sobic.001G252800	901.045986709056	670.162748683603	953.53326822067	878.972540898658	861.382988641141	611.14694944738	1370.86107046504	1658.76737322817
Sobic.009G247300	48.0149565286577	50.3636348499137	68.9393458311452	114.969406664682	43.4716648473099	465.766767448952	441.671349219538	248.388152852681
Sobic.003G181500	10915.876750103	13287.543755653	7317.82082449889	10796.229491366	5794.61191798031	13565.5518593365	9781.27030121705	6990.97114370851
Sobic.002G030400	414.239318087033	375.599999989792	299.781324834806	320.580146655956	297.861407287124	212.105229065301	232.226357684914	199.127781373368
Sobic.004G341700	1710.69769610298	2155.91477185459	1605.55723812912	1495.64851343291	1207.54624575861	1466.31656479792	1212.46231361647	1160.20815068916
Sobic.002G104400	1675.11873758499	1739.40731235901	2222.34075127425	2461.90966194935	2898.11098982066	2901.60706659085	2524.6459300875	2414.08830889439
Sobic.001G496200	2296.75978577912	2214.3289894112	1260.44654538143	1434.24171470027	613.433492845373	1124.05949124645	778.286337106088	691.176192296814
Sobic.003G443601	29.2780310893607	6.21774486992551	23.4039595119053	22.5547863363546	16.1006166101148	12.4993269640609	27.8946198893932	28.9304562887007
Sobic.003G026300	1400.83800227877	2040.94215748705	1681.93688815016	2027.59798258937	1371.77253518178	3795.57262823356	2769.08391845635	2082.89335713269
Sobic.006G185500	1110.86707171614	2829.63943299812	1430.4624421061	1481.27354137446	1424.90456999516	969.161615314203	998.742703354125	1024.73996602895
Sobic.010G115800	13.611067863797	4.14516324661701	40.1947539066112	24.3880095784275	25.7609865761837	5.11435977032258	19.1002220950152	30.4593854144067
Sobic.002G051900	89.4625557574366	144.251483789306	103.924679869649	67.8598581583949	54.7420964743903	73.7076678002832	79.9143505405014	100.030094065077
Sobic.008G168100	177.818604444232	248.441485554962	282.23935657166	150.044560666187	103.043946304735	121.000264846838	139.759773999071	108.924547173656
Sobic.008G133700	4509.40736854719	2167.17620554479	2328.54102081287	1967.94869217676	2138.96691665375	1439.02622830701	1699.95744912202	2052.61659399727
Sobic.006G277200	1454.59278911569	1253.41073082686	1739.87941859024	1958.28005531398	2254.08632541607	2283.31860745835	2377.14389318538	2388.8778402866
Sobic.007G139200	230.600828283025	189.763222095702	277.612965389654	308.687951798346	342.943133795445	427.925528144749	502.413795942342	451.01145143944
Sobic.010G111800	879.485787850222	955.87425028395	1208.9203167913	1256.76120683136	1009.5086614542	1318.07360660817	1036.05022073492	975.838286311307
Sobic.001G019300	3792.00572231878	2205.75853586022	3023.95192620578	3021.48138727827	2371.62082666991	4535.09999090178	6771.36605469888	5945.5704286588
Sobic.009G171600	7.06259741018515	14.2276110630445	17.2200146015578	28.3556427125686	3.22012332202296	160.817542115471	126.585883891889	34.1705287769477
Sobic.010G164000	1183.34522293472	996.654616662559	904.973015848676	779.34816857243	829.181755420911	679.99964797326	585.867697189184	657.432809502718
Sobic.001G065500	157.104586078556	108.420222418664	232.53978205393	114.491280773161	96.6036996606887	136.91194755668	181.291893357558	118.047710861901
Sobic.001G481201	3561.43291867509	3312.09084971018	2571.44330901164	3821.93353980572	1708.27542233318	6730.19680407289	8338.15059575306	4619.92482309779
Sobic.005G103100	0	0	1.47461601120264	4.63524307511935	4.83018498303444	6.22108451131013	14.750085709585	15.4275359995049
Sobic.009G154300	34.476944965735	34.3682045797876	50.1310543637081	90.8640867318733	25.7609865761837	257.956757968844	173.972919384564	54.0108780130952
Sobic.001G154700	22.5445893246931	61.6043770409691	56.3549589878304	58.7436206318128	51.5219731523673	40.2510971018802	29.6296134698348	44.0644063683332
Sobic.001G088100	3548.69207560839	3861.78967798754	3109.76353698301	2882.13733757243	3007.59518276944	2904.48383136751	2521.90010070519	2502.54829956764
Sobic.002G421400	390.638495944386	295.293784106824	509.449937303458	364.893923266048	217.35832423655	317.913913511867	496.857228136974	557.269190254317
Sobic.004G211400	1976.99004587827	1728.29924584174	1837.28987598798	1877.02424143315	1988.42615134918	3165.59888289149	2547.56722433243	2537.55281804746
Sobic.007G152101	473.912858014602	612.678246808309	556.357325261755	708.759777610432	513.609669862662	1242.47372104668	1267.82911715322	1014.63775735684
Sobic.006G107400	37.6436132983295	26.6631008028954	75.3363481392072	47.5269981082935	46.6917881693329	60.7244958804251	101.797063229579	70.4156558091154
Sobic.001G158900	1385.14651860215	686.596603008571	1378.3856397665	1206.82779002354	1049.76020297948	1079.31877682672	1002.10781692992	896.996750605467
Sobic.002G239200	1509.19063032745	1374.33737740406	1159.66281886925	1289.21659941873	967.647058267899	1712.35398307699	2521.12443568478	1951.8987124683
Sobic.007G223200	1062.48979159302	950.696899825045	1114.2994862447	1342.76249580024	980.52755155599	2338.65815816841	2518.26440024261	1887.46207066955
Sobic.002G385300	664.98429721652	575.701828085925	580.943528781483	478.409359845386	347.773318778479	423.624410570144	388.097115888754	447.870377759746
Sobic.010G078100	592.995741218671	831.483885676103	958.796883975988	1013.1458624232	1154.41421094523	1077.23452330528	1200.74736864594	1286.06913912341
Sobic.004G113700	225.805032790189	188.092611353067	211.379524943412	217.435184085638	244.729372473745	264.833606523761	314.84135453499	309.838237233666
Sobic.009G103000	3836.50518075575	2657.26737416168	3236.01992452413	3063.85192715206	3786.865026699	2293.95100895665	2826.91128230229	3374.79141458081
Sobic.003G394900	84.6794284241077	131.157864984777	78.2939663441026	52.9383297109835	62.7924047794477	61.1392317060737	49.6818572020456	38.0599236656696
Sobic.009G143700	31306.4711951281	32090.0476109979	43976.5034424812	44663.0189644499	41641.8297695704	55542.2593751199	40243.3280645062	35289.2462968196
Sobic.008G131400	1.20627867992235	0	0	0	0	1.15430686407545	4.53498262271405	1.87590485671852
Sobic.003G428800	70.6217990753718	43.1951495571399	243.963151407789	288.95463792976	442.766956778157	771.971799507852	431.432162176162	233.196386277759
Sobic.002G083600	300.410476857453	193.932687458431	278.950007109356	197.977999997123	175.496721050251	166.467782736713	119.447759359145	147.255932114304
Sobic.010G212700	1.20627867992235	8.30247755128988	15.6049613576296	4.75144312370163	14.4905549491033	2.84004080703609	4.95606851183441	0.625301618906173
Sobic.004G283300	151.988383378503	1395.43265520296	371.029411473333	778.291861811408	175.496721050251	2571.97317999261	2191.86740062525	677.052260882258
Sobic.008G073400	36.353359845686	4.44992566284385	26.7079312753966	40.240286041738	38.6414798642755	67.1468208719551	85.2453292360837	73.2681154014583
Sobic.006G192100	19.6542861724022	17.446336002925	50.1924254049825	37.5164176821995	67.6225897624821	29.4133047346881	54.8219568526746	92.4403210663421
Sobic.003G299700	90.4303831663925	94.216913471731	155.610609829608	113.23992198673	74.062836406528	63.1752284154602	57.2704952591815	82.3101231800859
Sobic.001G054000	369.90926868739	457.619848301007	472.468962631104	382.240924508931	383.999706151238	341.940659803753	336.28019346966	332.732460210491
Sobic.005G111550	777.459182825903	746.981930384633	527.083656745566	563.111854468735	482.213467472938	492.551232017383	444.600331679936	426.258886208041
Sobic.010G017400	7.84035820092195	14.8128337793864	30.3089672416217	13.0899486640258	6.44024664404591	3.98929996172523	3.41940884482007	1.13182781774988
Sobic.003G119200	6.80915419034854	19.8722842746839	33.8606753455352	11.412206639625	19.3207399321377	6.77032705738527	16.0648084993957	12.172793258864
Sobic.002G295000	0	0	0	0	0	0	0	0.625301618906173
Sobic.001G196600	699.150544988241	1056.22187928955	636.053728139222	522.659584113261	571.571889659075	269.031050445028	369.603217758767	451.456560764277
Sobic.008G075900	634.984973756583	543.942823613565	551.499067993512	530.503203277294	582.842321286155	365.456898670814	304.774607020282	363.454224419922
Sobic.010G254200	1456.34634599432	1753.63590938689	2349.88842383892	1458.97871803331	1669.6339424689	1121.85216240334	961.223954696509	1053.71051769046
Sobic.001G028100	15317.2547416481	15432.2064742455	12916.7019104064	12536.0510478403	17721.1436719228	11394.4107452185	11788.2677244901	15057.9190211557
Sobic.003G411900	11266.9493519945	15639.3807248748	12636.5043359279	14589.4445909692	12732.3676152788	20602.4988642273	16077.5635195936	14263.98547093
Sobic.001G389000	10.4234058380222	18.0680118934346	14.6420196525868	19.2430180012583	9.66036996606887	14.7818855761846	23.8169986972299	28.059157755131
Sobic.006G264000	4528.70222827775	5164.67603046141	3916.75492114998	3660.50815902887	4054.1352624269	3099.58926489479	2861.51169566753	3121.44266079794
Sobic.001G487200	228.655276823407	336.477107330934	350.77170541075	185.085541902358	156.175981118113	160.188804759623	132.562729475404	123.503477594599
Sobic.001G039800	901.14954849849	595.146853398993	859.928337619478	869.393587658596	830.791817081923	1093.4689561184	1479.790536685	1504.17599807548
Sobic.008G029200	317.63471135215	340.866277703498	887.361797496349	476.174455823183	555.47127304896	506.726116460876	738.897501367043	814.048350072831
Sobic.005G075900	74.2951752680126	67.5173594946677	44.8225721660451	88.5361470470584	37.031418203264	208.024462981621	235.11198666005	104.711882660439
Sobic.009G012600	34.9474502412811	41.1590211079992	97.3100670006208	102.847495765715	144.905549491033	90.5748800169181	119.42355642057	128.407339604362
Sobic.001G070600	2863.83399128592	2903.75122016244	2443.98480932363	1968.5587402236	1912.75325328164	1817.08435968149	1524.18002591171	1297.70913968339
Sobic.007G077001	205.205648746134	135.156229569894	124.626003542808	197.109138801408	104.654007965746	314.311121397677	381.81819803594	235.150039233371
Sobic.003G263300	133.215867819232	167.604726716902	109.54999314855	287.437195661436	99.8238229827117	552.626516530441	329.175701505395	178.859851366878
Sobic.003G343600	648.09718674176	604.157050212014	758.095805367076	761.188577687142	869.433296946198	890.815105297975	952.459735712149	1206.22813500518
Sobic.007G049900	121.078338218108	110.163739509633	99.365616193532	118.502218756335	106.264069626758	152.99252621222	164.615041228675	195.081423244024
Sobic.010G275200	4206.84469896568	2612.06138423634	6916.45849626093	5846.35783524264	5976.54888567461	4574.93801505418	6833.99548285102	8689.08656687779
Sobic.004G278100	108.170340549506	161.514567956563	67.8039482507107	144.988233110444	120.754624575861	109.765025812942	138.081534958156	87.601844665502
Sobic.002G324300	855.293566197561	845.972251504933	790.972611297901	712.882130198802	938.665948369692	856.491063351365	788.547772469936	749.325243572505
Sobic.006G266600	3050.75492035824	3030.18230980122	2740.3472918965	3205.34850082806	2891.67074317662	4737.86247578227	4096.10349130699	3978.67493464055
Sobic.008G188700	3658.37967216092	2677.11239842576	2639.37348407403	2337.08344455751	2221.08006136533	3052.65899664496	3148.7245706665	3069.41589644294
Sobic.003G119800	2455.83412160659	4651.40682329391	2703.52108521595	4428.79833444199	3109.02906741317	5824.02018319804	3744.88135895503	2767.7252343719
Sobic.009G258300	1.31022531568371	234.701888743812	51.2663084838102	52.0108686124588	14.4905549491033	660.844242963688	719.802598232448	69.5069551588466
Sobic.001G388300	39.6158278599951	29.0404448424308	49.4030471696614	38.6406954908451	45.0817265083214	30.0178494522685	46.8849921254534	41.3366316988568
Sobic.001G314900	723.882040120199	474.87636395682	609.639243899103	746.812381128824	648.854849387626	1215.4532012537	1478.46238395191	1243.60566369415
Sobic.001G425100	894.633644509566	517.986456107569	881.480871930784	599.781385230561	563.521581354017	198.980869577438	628.201051292271	842.384462922088
Sobic.001G092100	693.904095199769	511.232092753526	577.091565264145	486.679467634206	413.78584687995	425.847489704878	365.679528387431	333.781724781195
Sobic.002G297800	1386.92618900042	975.842757058251	1275.71421376498	1210.14152935853	1336.35117863953	1679.35703136424	1512.82474728223	1608.69726671976
Sobic.003G341100	119.969545720927	162.295193566629	153.871366751302	408.675545814035	88.5533913556313	1196.94542180712	749.641463904696	286.01610966543
Sobic.006G214000	24.9070123441306	26.9435611030106	45.49720262676	35.6050429666187	27.3710482371951	18.6499661757068	25.3627434296969	28.3254878452425
Sobic.003G061900	3694.85253350827	8177.54402721102	2660.01247547636	4705.63451493277	1833.86023189207	7216.00115108837	4673.94732981909	2362.55255008499
Sobic.001G384300	3750.38707346816	3489.6635751568	3400.82251073144	3296.72590051882	3411.72065968332	3464.96440153696	3038.46444774616	3052.14575610591
Sobic.005G111000	662.094606528756	652.131189964336	619.550588449912	501.999737905614	513.609669862662	535.569036363685	399.357191998364	390.455386040764
Sobic.009G016600	7555.48666662718	2421.00883077951	4159.76342822742	3032.01726546235	3678.99089541123	5249.50415002393	5258.16094184421	5329.06947046967
Sobic.009G209500	74.5904904812165	20.1405935167431	61.9544719107131	62.7610474829618	27.3710482371951	90.1181226701628	153.529832496994	124.883219933158
Sobic.004G337500	503.039892647364	1516.39674091916	700.848583163379	1248.63660767043	539.370656438845	2908.61668181729	1995.26816739135	1057.33090806272
Sobic.004G219500	13.6675362839577	40.8421076337164	71.6100945995253	23.4924340849001	19.3207399321377	7.97726375393496	3.0475509188554	0.506526198843707
Sobic.004G178000	2276.98116716574	692.790045762385	2160.13553833856	1633.28165550203	1764.62758046858	1537.11405658268	2039.20714044172	2255.34256811279
Sobic.008G150400	299.817151638891	292.830396696067	168.77017140975	280.466439309715	175.496721050251	505.342111798898	686.378009904281	360.012205714544
Sobic.002G403400	3263.09759863704	1928.27857739248	3201.92669841522	2778.57691353343	2485.93520460172	3399.20236171732	4212.27174376924	4474.59991397549
Sobic.003G368000	1124.39708721757	1826.25935167941	1603.2925992317	1345.71958598628	1339.57130196155	1967.96636171138	1623.86305562296	1630.96202677478
Sobic.002G058200	0.740357796469623	0	0	0	3.22012332202296	5.70932866955026	6.19281437342985	6.53561946266097
Sobic.004G205600	10219.5099172321	11647.4479549902	8964.99205244583	10262.0832970277	7091.51658592506	15799.6096791845	8957.86028340486	7305.01980978359
Sobic.002G370800	128.887921477136	212.878533426379	213.000763911554	187.785246118889	149.735734474067	151.091751538221	113.179948607386	136.689105857405
Sobic.001G217300	815.006198628857	854.76931181956	900.764073625526	591.978761691878	666.565527658752	557.510449307296	516.844982617114	563.383608116584
Sobic.001G435100	186.900600659064	207.002004146847	159.939476967114	179.083086310165	189.987275999354	129.633663949988	145.102003211503	132.914317699913
Sobic.004G001900	895.8392965769	1381.01982037459	657.820205708868	773.671592699704	729.3579324382	991.840817863237	702.028078465436	698.224717128269
Sobic.003G273200	6.15174933645999	8.59508890946087	7.40509869867936	9.19397813541807	12.8804932880918	19.3318596722731	30.2150665981428	11.9148005464184
Sobic.001G506066	4.46314047199803	10.9602818909403	7.10123358160021	12.2721137793343	24.1509249151722	26.1136183179465	25.7346013556616	21.7763491645738
Sobic.003G281300	34.4077451994341	67.7613666206151	33.3057392170111	22.4770457275185	22.5408632541607	21.3847473177944	19.8962181678834	21.9332543637977
Sobic.001G308000	472.453377881103	909.119160196535	476.575436784792	357.930507669136	362.263873727583	362.818483065255	255.291667056892	177.509350559527
Sobic.001G127200	1210.33357979388	1375.87629843773	1500.94895614622	1301.41554103485	1729.20622392633	1723.80453951532	1869.45653860138	2210.55332352629
Sobic.002G418100	23.6961492721148	64.5669437968463	38.8673760424794	37.2390692773142	19.3207399321377	41.2836650033327	36.2064230924652	22.3660575760532
Sobic.001G104500	17.4450376919869	25.1757418959289	29.0713161209417	25.3187575943267	22.5408632541607	6.84396429650036	5.19841267923732	3.52788678819256
Sobic.009G167500	35.1507591207104	10.9602818909403	37.0846167835778	43.2050976897748	28.9811098982066	31.7968918714696	40.4498335846207	48.6068689744388
Sobic.007G088800	13.663858329011	30.2230413331705	18.5488076550851	33.9277118068897	22.5408632541607	42.4430195767944	75.0559945643861	69.6853153818999
Sobic.001G079100	1231.59782584665	1060.63633774306	1171.15332517307	1223.7579020426	1136.7035326741	1035.41228460948	908.397704196704	948.93406095468
Sobic.002G060900	805.012472422441	455.735115095149	530.059154909772	516.063350633246	574.792012981098	647.296394729696	630.022758785586	694.925717711917
Sobic.002G259600	64.4333746021645	42.6463800149657	67.3087712768992	42.1532192492315	38.6414798642755	30.6356815280724	33.5223884247141	28.4019647973107
Sobic.009G140500	169.706056089487	92.4369432065935	205.244096008078	201.368245703624	130.41499454193	285.858609803086	286.880816345204	270.849565231326
Sobic.005G013800	324.634737048408	62.482211115482	46.0830498036203	66.0747851746426	80.5030830505739	45.8804046534135	36.3389174009132	22.1667452119624
Sobic.007G180300	188.345253579782	622.064140456233	112.635548407794	147.425062246523	98.2137613217002	372.370039726569	420.587923621889	400.368950348278
Sobic.003G411400	188.220722616454	352.192077300945	151.710897774087	132.630246395612	149.735734474067	372.631724548087	199.239444047243	191.747106055389
Sobic.003G092200	9.85812271090149	19.8479821585722	16.7112032366223	15.192798848994	14.4905549491033	18.7236034148219	36.4540566769452	45.8529603235831
Sobic.007G207000	6265.35183584256	10555.7898972192	8846.12389035629	7875.05218658907	7404.67357899179	10072.9893244324	7706.10764404307	6615.96259908155
Sobic.009G152901	11.2887039634334	7.40034136066524	20.3006558656506	19.2053802908557	20.9308015931492	34.6528923757603	58.2391285382008	54.2288914355358
Sobic.009G234900	7.84035820092195	7.99771513506305	21.7029859253467	48.1836846366819	12.8804932880918	91.9998334600377	53.4451183983632	23.3383349259719
Sobic.002G404300	50.8662223920148	46.8036943196386	39.5347012966172	33.3799147297655	20.9308015931492	14.2815613227129	10.7452237364569	12.448582575023
Sobic.007G000400	652.026113001151	869.301685298832	871.783997124732	781.152982186247	858.162865319118	637.933887769061	698.80707524194	932.01436154075
Sobic.003G018400	2.42896666093158	0	0.449216344956003	1.98706100105777	3.22012332202296	14.7832217457001	21.8252147589586	12.3517724475069
Sobic.001G391500	38.2406931974838	24.578368121531	30.8642109652113	56.3250475689877	16.1006166101148	176.824179855395	206.410120180939	73.0867083379535
Sobic.010G183600	1136.66903923811	669.480317502815	917.566130551765	999.808862309883	901.634530166428	459.732002542396	514.063395479007	538.793850201289
Sobic.006G074600	192.513372811196	166.379601522966	193.663861638244	165.166433672217	186.767152677332	106.550934531849	110.757993714542	130.565847734679
Sobic.001G290400	35.4507741190009	48.2667511104934	35.1970812007051	46.7856712384227	75.6728980675395	91.0475903531031	104.109983361958	96.5962634389206
Sobic.001G148000	34.9894376276417	35.8069592545306	22.7003374844815	30.8916484179914	14.4905549491033	23.2685298015241	16.7191534904662	14.0733086767362
Sobic.007G167300	0.465920883452727	10.0702967583715	6.04872926783873	3.3502277748425	0	0	2.24023262124064	0.625301618906173
Sobic.007G175900	607.868547891424	788.542922373305	572.743986928197	1246.21395870682	624.703924472454	2025.29602068815	1968.7784430953	1159.79849571317
Sobic.006G184800	792.81086830347	1486.78125248877	768.72964556148	1638.97225769764	322.012332202296	3108.38187776543	2073.08868785795	845.31718374924
Sobic.001G356000	13.4104151091744	28.4309200099772	35.6657893915334	6.77696356450562	14.4905549491033	3.42862582736195	15.8800339700087	6.6297843215698
Sobic.006G056400	18.97130323324	70.1508617182064	15.1649371384447	28.3159506788069	22.5408632541607	35.306874986364	47.4711886443538	28.1507860423053
Sobic.003G359800	822.37020356574	548.464669659914	738.555950238771	612.081360934949	408.955661896916	499.458954058145	500.397058687387	471.309826028662
Sobic.003G129200	15.5859385502693	54.2040356803038	0	1.28583702962048	3.22012332202296	4.52896668944766	4.25249555760813	4.52731127099952
Sobic.010G201388	60.738710743723	77.3436491270919	46.8955621509019	64.7756445111759	25.7609865761837	206.647388630264	230.396847242331	105.170819854073
Sobic.001G194600	68.5564409567981	145.056411515483	127.517888296327	74.1562527066943	51.5219731523673	65.0695179564228	85.1847073402845	59.5357642560581
Sobic.003G331100	677.843910232374	524.936222355337	610.554657539194	504.177126748819	447.597141761191	494.896381001591	344.795013040922	372.166550188458
Sobic.001G520400	1.20627867992235	0.88998513256877	8.80315062775575	6.66158524526697	3.22012332202296	13.0732884566477	15.6437226102753	16.1825956847467
Sobic.008G051400	139.291061479498	140.75229854931	131.617271772653	128.163462274114	107.874131287769	252.597941614666	326.35918650423	296.335425641343
Sobic.010G178500	639.725613464231	1802.85569232998	194.75594415948	423.564112026783	169.056474406205	1042.65832502168	859.208179010006	609.967852259581
Sobic.009G075500	2048.98288161984	5008.81828677454	3180.02996186959	2706.33957967477	2682.36272724512	3281.16845136026	2908.67562575465	2926.73729064373
Sobic.001G226700	1125.59856456295	1250.49775426804	947.884320961807	903.268218831103	854.137711166589	903.786582285898	799.155255322334	812.574997245633
Sobic.007G056700	959.421661968817	940.999675249456	852.06549293302	896.771975555632	978.917489894979	815.407815551332	768.369210652741	747.591426056447
Sobic.002G354900	3485.46929960612	9337.54441097963	3437.45589809302	6189.51912150321	1996.47645965423	13262.1876471311	8314.82723528078	5116.6272441822
Sobic.001G170100	2118.27049774538	3585.19970465237	2917.123174684	2739.90501110426	3418.16090632737	4278.64653679333	3860.85751146018	3871.0853419813
Sobic.005G224700	595.837670698488	533.591080590248	428.737380122349	161.734030743923	178.716844372274	322.785031404337	264.539862406706	321.443471551696
Sobic.003G250340	3444.7470356746	4328.15009465231	2803.45331469548	5002.28678535679	1259.06821891098	10260.4978306451	7013.46093090179	3707.61083873058
Sobic.003G270400	1.39776265035818	4.74253702101482	9.0478924546539	6.50651489226665	3.22012332202296	0.577153432037723	0.986060019332227	1.76394339409628
Sobic.009G171400	437.830498893246	435.315047243122	554.457360569389	328.108149972252	349.383380439491	479.033447787014	352.63202807313	418.779350465781
Sobic.001G119700	106.238363686541	104.238605997879	141.031959035388	124.231823391688	144.905549491033	154.412438653779	208.603153862143	224.445427847269
Sobic.001G366700	28.1684585282996	50.3879369660254	85.5257972800929	31.5936941187724	88.5533913556313	15.8428839640196	47.7362489691468	24.031558725535
Sobic.010G008600	831.111798749768	3986.3784033836	1927.00282094042	2920.44751601538	689.106390912913	7683.40575144503	4875.85383295854	1548.5592940936
Sobic.010G052600	303.180563985175	208.927787108655	235.916995116558	203.157753231991	230.238817524641	321.450167666708	364.50063899544	424.964553171058
Sobic.008G175600	87.9087838636229	42.0733083566796	84.1285572383139	89.4462587684478	83.7232063725969	196.676169897428	297.480065084586	201.991910672875
Sobic.006G083900	6.51372358415136	14.5080713631596	7.21028803619111	1.36316677378473	3.22012332202296	2.82356150936165	0.864887935630777	1.25060323781235
Sobic.001G454500	2254.39054045397	2326.17976782321	3216.35019812947	2513.76824320059	2484.32514294071	1886.82277677061	1563.30469430065	1664.83741465999
Sobic.008G174650	27.8657874052024	57.4106095621285	58.7939644559047	31.5936941187724	35.4213565422525	15.262538592531	17.8521540086732	22.3524296611727
Sobic.009G056300	748.622331015727	627.869735317088	799.845566442238	830.186861080718	900.024468505417	761.334573396875	894.695794170951	943.958158730901
Sobic.003G062400	372.287373150394	387.109051422907	377.817890982918	384.749331283769	402.51541525287	481.903248542123	549.906885645596	526.32288701501
Sobic.002G329300	1375.20470124761	1137.55371387337	1045.30625651459	1090.19189228825	983.747674878013	1123.25984056812	1289.85178345193	1501.89759267672
Sobic.001G098000	700.062856825881	957.104465042082	614.907713146157	1212.85470233492	473.358128337375	1832.61290291832	1670.10746329004	1030.32376884377
Sobic.010G173400	1557.03152889942	789.79941117721	1507.57893365463	925.895445375644	1135.09347101309	915.96138450741	1062.75907190492	1684.49518533275
Sobic.003G439700	50.5999324330446	45.6332488869547	58.9868556367656	50.8358903906871	33.811294881241	36.3093792632428	26.6282382563518	28.2858346458555
Sobic.003G000600	343.267001533437	514.620932506189	278.522895617496	665.95796331939	330.062640507353	1555.73629492942	1061.99941956504	559.173261117349
Sobic.002G269500	120.904222192265	246.588608941489	84.5311445274494	85.7038001009277	30.5911715592181	283.896520384288	234.067150065588	55.7858040534648
Sobic.002G245800	6430.99223397087	7362.0391436453	4878.02154660983	7137.41348342824	4023.54409086769	11492.9801602788	11088.3481674454	7292.0673607551
Sobic.001G040200	11208.2126263626	9632.66248396477	7141.18475837811	9670.19019340864	4706.21023513655	11376.9431669142	12145.3458117792	8954.84656104816
Sobic.002G177000	6885.43883629269	6679.89214681948	8281.71862287029	7920.93922800882	9816.54594718699	9386.4542549465	9209.80991600873	10671.1638769921
Sobic.005G208900	87.9315272444634	129.206793942028	52.3947410151664	113.426509563443	49.9119114913558	309.973090553582	376.551636884532	235.960916604615
Sobic.008G088842	765.474694621027	1100.32113696698	891.545064361527	758.081610518625	598.94293789627	769.114098994366	562.003237154055	471.207583451412
Sobic.002G271100	497.361845940274	541.033457671693	359.652935209444	387.108578712888	322.012332202296	600.312315394611	720.163877466569	634.159294736512
Sobic.010G227300	10.5483461669638	3.55994053027508	6.07583391535358	5.33687791122846	1.61006166101148	7.37034366599925	11.8524558394906	3.88421304837996
Sobic.004G280500	10.6358835016383	34.6486648799027	30.7091958817649	30.3446730702108	22.5408632541607	61.1812465193554	52.9377139061673	29.4506104024249
Sobic.007G077300	1742.2515187052	1504.88571755638	1384.6385786908	1892.36871810425	954.766564979807	3575.28236175961	3386.96400126324	2125.53569520074
Sobic.002G174300	1984.26367291325	2935.00053291893	1408.26243944544	2876.5815757372	1070.69100457263	5223.58093921585	3674.82649781236	2301.3287551347
Sobic.001G322000	1096.8112552417	1472.93426808478	1954.73239290919	1460.02787157796	1432.95487830022	1202.6218250414	1145.41174539468	1199.39073582151
Sobic.002G287400	583.191493989757	290.038930717802	393.661507453097	319.91100028641	349.383380439491	338.060924984199	362.082185931866	365.425123108959
Sobic.004G280800	245.847535966443	605.412553051089	247.317743437056	528.674565736648	218.968385897561	1238.44802800218	914.915931405345	473.222786803656
Sobic.002G269100	200.446338830146	725.049215544696	261.626677146255	659.641535338147	69.2326514234936	1474.75284744319	1324.09066997944	453.849568562281
Sobic.004G301100	237.231229849078	318.445548611668	263.669621206907	394.871847147379	167.446412745194	760.328641133149	718.9605717479	441.84621406287
Sobic.007G221800	162.758208393916	127.305313096332	172.412922436644	174.209039236681	141.68542616901	116.583238669916	118.847188357715	133.140885893765
Sobic.006G222300	591.877675524583	725.798970527208	696.449081097613	667.495379054756	780.879905590567	804.70709763555	731.277348918652	793.739145635762
Sobic.009G072100	1283.41488968609	4107.88403740805	3849.48789881875	3265.67720265379	4860.77615459365	3281.61337763743	3946.19752362036	4746.42787499353
Sobic.002G206400	5.67400354401378	5.63252215358359	14.6745100250515	12.6595842294992	9.66036996606887	10.8218326699375	5.02801263238017	5.63717379620308
Sobic.003G012800	10.531936865877	26.9314100449547	17.8369369614872	23.3321074579407	11.2704316270804	79.2314930551238	125.224170298216	68.9114459414359
Sobic.003G308700	3630.25520045364	4472.30223830746	3580.85189005886	4299.38331645464	3546.16080837778	6319.11559425253	5010.03518543527	4379.29982019055
Sobic.001G075101	1.48071559293925	3.25517811404824	2.37304870111465	2.49393345040489	3.22012332202296	9.65609421757389	20.7929073263569	8.65172042811171
Sobic.003G059200	512.321857916782	524.228503093606	546.845677117875	464.99750327008	478.188313320409	707.076279799022	610.702021874171	578.258007183891
Sobic.001G462600	402.766370670064	536.530331194843	525.124740164334	539.406770305103	616.653616167396	575.243715557867	599.427420878721	647.67724474908
Sobic.008G144500	25.0400996271189	123.220905139994	64.5562368361761	99.7997722016577	40.251541525287	94.8948794699034	105.451289665431	51.6241695718274
Sobic.005G184200	713.012215877305	715.308969283493	805.561779183787	681.691445452621	697.15669921797	565.02301974214	555.418164551978	598.158486371401
Sobic.008G055700	16.2013560177973	51.2536199824824	94.8170163722497	20.5681361999687	8.05030830505739	20.919237429607	16.2753514439558	16.9690798885823
Sobic.008G180400	0.84430443223098	4.73038596295893	12.3189021158821	14.0235727326276	11.2704316270804	25.5643757718714	18.6049549260552	21.7543838720275
Sobic.004G006600	2094.66870628348	2890.99471334894	2409.8864280409	2150.77100650498	2140.57697831476	2040.68075666474	1823.93421159636	1710.84573193682
Sobic.007G023100	33.2260227746454	36.4407862030961	56.7819846804229	37.3159881568066	22.5408632541607	13.0110828058207	35.6293116390174	16.4625536897386
Sobic.001G473900	198.802730636105	369.515916758482	215.770685907388	283.729909516288	189.987275999354	522.173578325465	504.062607347985	418.801356359898
Sobic.007G099500	19.6706954734891	19.5553708004012	24.3756216129207	11.9203116829876	14.4905549491033	7.89353109604725	7.30004647646353	9.53653817968914
Sobic.003G240700	1085.55166423842	1718.19446783886	1521.24570792375	1405.63730501463	1819.36967694297	1932.99137371193	1983.89086095933	2041.67271495082
Sobic.002G055900	7558.19984143756	6896.9171489374	5563.31827712355	7811.02544726305	4952.54966927131	8897.73500198022	7241.65398413398	5938.09859182076
Sobic.002G330300	5147.46082700332	8744.85092560304	3973.7548841575	6473.22935364194	2615.54516831315	9874.95115209311	6056.02671886737	3443.41606550995
Sobic.001G023900	124.878583006977	162.648560215079	178.566571488786	211.750938622677	196.4275226434	471.008878755192	585.853961090211	456.057502100811
Sobic.004G070900	38.4859894632737	158.466943794294	33.0789099118567	30.8868030087042	16.1006166101148	68.0174907674384	73.9518147191354	28.1507860423053
Sobic.010G207600	874.575053082871	1635.38841137097	772.337432244786	1042.08216070405	544.20084142188	1830.00081910219	998.521390885444	745.660186288713
Sobic.009G221000	103.638000311208	123.806127856336	111.588462381416	127.221295014178	132.025056202941	151.0848480589	161.16308777042	159.626062089716
Sobic.003G213900	107.362417281403	184.337267929068	104.766347918372	149.968378549264	125.584809558895	250.22905905038	314.315988048063	224.868084772587
Sobic.003G326500	519.497513050418	757.62529880129	423.239483324348	482.304281148968	458.867573388271	369.261359948675	409.956369029849	379.482560174052
Sobic.001G443000	9.11318052233848	9.48507404202962	6.12576507976346	11.8818522432413	14.4905549491033	16.5933669903147	53.2800794764802	31.1789605890944
Sobic.002G394200	48.3716185267357	72.8329681739686	69.0775885496114	45.0686480449321	38.6414798642755	32.2166754065045	21.0065025287003	24.0520005978557
Sobic.003G393500	1080.6168728462	1455.37561466486	684.929005913172	1106.32368179653	452.427326744225	2220.8349100372	1639.81266359712	938.56924603989
Sobic.001G035100	248.639089339593	393.667025918398	151.280668982771	492.584707919495	170.666536067217	755.792514414463	885.894651599552	398.959122733252
Sobic.002G104100	2683.496331134	1710.4630900162	2755.43517027442	2360.318034744	2600.24958253354	1657.66264579623	1542.14555257116	1728.05191782413
Sobic.001G422900	926.82922918946	687.741760360313	932.668537140337	1028.28665726748	792.150337217647	1289.59939250135	1558.78065603909	1175.02731782041
Sobic.009G056500	5294.81055833092	4570.27696011526	5379.86405012525	4992.20275338199	5754.36037645502	4880.84585313156	4156.49489075002	4470.91143147941
Sobic.003G349700	0.740357796469623	0.88998513256877	3.05828647699618	1.28583702962048	0	5.14360682580067	6.13829699319707	3.88421304837996
Sobic.008G137500	1.94663647639197	25.1878929539848	9.91969222684957	3.50406553382737	1.61006166101148	2.24640807732393	7.95744372531735	2.7591991880703
Sobic.001G395800	40.6077006090146	6.81511864432332	15.9310171270723	35.484408373421	20.9308015931492	25.5643757718714	40.2249161575307	48.1344125627963
Sobic.001G420900	39.7397463587967	89.766987808887	116.363539462321	60.7306816328706	45.0817265083214	124.496218371345	129.811433141869	55.6449546439833
Sobic.004G060832	2143.50018015368	1386.35775924035	1193.88030878586	1525.6142307301	1268.72858887705	2060.72898631104	2131.78303338302	1560.43137004851
Sobic.006G183200	133.81233525386	692.889226156492	150.808494548621	400.383779910323	115.924439592826	701.859123865737	590.437407322938	231.065902241235
Sobic.001G441600	1698.10968785445	2110.94622054375	1788.71257469859	2375.84088040415	1257.45815724996	4917.62641659649	3071.92241858153	2238.19439906065
Sobic.001G026500	6425.40814346645	5842.62795436346	6356.30813938863	5357.53853590501	5285.83243310068	4740.4702598991	4144.68666298532	4509.55042896569
Sobic.004G351300	990.195680729067	1061.95358183725	1079.03546650821	841.071969841158	817.911323793831	719.615387792997	729.062069614095	833.856405215403
Sobic.003G409800	233.353522946867	196.687700262528	286.56163138002	223.151810985041	132.025056202941	179.763103156303	152.023487271637	106.250162315319
Sobic.009G063700	4.20511286006802	0	4.99131095892593	6.46723372317679	19.3207399321377	13.0732884566477	17.9415248695319	19.0961635003063
Sobic.010G028300	1149.50843027127	1168.32552474871	1111.6191402654	1069.06667905726	1007.89859979319	912.138902089702	756.350757377084	798.637054041167
Sobic.003G150400	19.2120151069365	99.4596158026963	40.2576510351801	82.1171485489772	24.1509249151722	406.323061428111	481.336690780588	70.3724528864848
Sobic.007G199300	17.9063741833462	21.3231900074829	8.77938065126373	16.5158627243452	22.5408632541607	22.0012432240829	28.9608939962344	34.3012999947923
Sobic.003G264901	623.558598118068	403.46999939954	440.324776238429	485.446322437641	425.05627850703	386.941628604601	354.769937411786	325.906226187183
Sobic.002G053200	477.599501292264	810.86644300069	423.602939068223	406.1988326473	360.653812066571	432.074013354656	292.375490597279	250.246839469705
Sobic.005G211600	0	0	2.05079933249327	2.57126319456914	1.61006166101148	10.1710419987846	9.54027909770416	6.8809630765752
Sobic.001G353400	1328.99237671988	1797.90889249404	644.135686587425	685.545584657334	914.51502345452	804.051981553227	931.371946032291	1299.68783698368
Sobic.006G168100	1.20627867992235	1.18259649073974	0.449216344956003	1.98665013638595	3.22012332202296	4.5074396823869	5.06286611300613	5.78055977741916
Sobic.007G182101	71.3491315530809	86.2678025688915	92.3200070963571	86.5535205906163	45.0817265083214	245.000592613271	330.90949513624	114.708371185271
Sobic.002G289800	970.157222299785	545.393729346363	1084.40619586976	989.113267756393	926.590485912106	513.162336163631	598.221075141714	753.117044486838
Sobic.003G347900	191.549324906644	189.019049659803	213.826438920161	204.554944900907	151.345796135079	226.881243655179	361.002366416018	356.274309405034
Sobic.009G159900	432.553026906485	790.580036787277	564.314948203132	561.168162863443	323.622393863307	784.933458594401	737.86695357218	426.641254360559
Sobic.005G160400	8874.82928858474	6263.9462606466	9038.07019388417	7245.90187601222	8029.37750346424	5685.47984662997	5310.45918909759	6049.74541310909
Sobic.007G224300	182.974215131486	158.89321679108	125.837054308205	147.396378592125	74.062836406528	321.539245002657	369.158423898834	229.621855540565
Sobic.003G216700	643.209703407057	541.711292270699	565.109765400237	690.705197429139	644.024664404591	713.263582438062	718.016932072219	676.984686564034
Sobic.007G034600	102.795445566637	129.779865600314	105.437479573331	127.212425924947	64.4024664404591	310.709773329059	234.09867144436	144.584970842512
Sobic.004G302400	405.890145179151	471.634322865658	470.602733421849	275.851640532212	331.672702168365	206.243281239458	162.144601763268	199.415750665408
Sobic.002G251700	2043.75631019383	1870.90540696935	1976.09181278614	2238.35120484309	2181.63355067055	2426.73481102207	2050.47365165631	1865.23122704538
Sobic.003G018700	26.6293462479129	90.9009800674031	41.5079930873872	31.1677642288613	19.3207399321377	15.832788545247	21.3260802337261	34.5701666566384
Sobic.005G229700	199.716234834637	210.878858151405	259.762197339877	291.624218061774	305.911715592181	355.134607499806	331.956425474202	314.962866631349
Sobic.007G000500	9.72045103581974	5.03514837918578	22.6878106876876	14.7616126851238	3.22012332202296	15.7820144827082	9.22599080975551	7.92279472424917
Sobic.010G084000	655.310972727184	499.930595272191	599.153175666865	654.029727145845	634.364294438523	719.317727941842	723.430641858676	653.40890949481
Sobic.007G149600	18.1479924941893	18.6653856678324	41.3393436128168	31.97952111025	16.1006166101148	27.2665890125064	20.9572745655446	34.6193877789456
Sobic.001G395500	4298.85182142321	4091.71815908278	4120.02367850932	3401.26400092062	3716.827344445	3917.57301355565	3169.09227109529	3006.31832990196
Sobic.003G346500	590.722846987828	419.014854556768	493.591041993159	591.887369487953	708.427130845051	549.95473710575	515.459659072148	618.298833913017
Sobic.009G238000	3754.30324672538	3905.14574919389	4232.1560927882	3323.0312681119	3384.34961144613	2598.35319143744	2196.29648671283	2331.03802675478
Sobic.004G280900	348.452099046898	961.919908411432	246.205447406148	770.909260092883	151.345796135079	1952.97092750622	1891.66078790398	730.435593579685
Sobic.008G186100	7.56592128790505	8.87554920957594	32.9093169776893	14.9215284474114	20.9308015931492	22.6767528417474	23.4542258367179	29.2826138600552
Sobic.006G275500	101.121496315602	397.069988658776	152.638178570375	119.231389619601	98.2137613217002	161.114479857936	175.982880441257	172.946956349817
Sobic.002G029400	0	0	0	0	0	0	2.06149089952318	1.01305239768742
Sobic.008G107800	348.63840812126	448.14035680559	319.350442138221	382.198356422466	439.546833456134	306.557765500094	273.314596301477	311.070356806874
Sobic.003G412200	191.435597022169	302.243550354591	259.006306173451	283.940744559478	255.999804100825	181.828461590952	203.499466181222	219.536618830738
Sobic.004G031700	1974.98726264141	2231.55891154114	2225.37738395355	2064.59762775094	2181.63355067055	2812.81990719763	2160.28595036043	2068.84376322644
Sobic.003G016500	605.388826376682	825.838226499633	776.389624711996	709.315041249222	621.483801150431	741.576903925194	535.612732318241	482.879032351774
Sobic.002G256601	28.6497668826992	98.3863788344595	45.8338657113693	71.0145867839063	49.9119114913558	268.055201929353	250.149920559715	142.943175799547
Sobic.007G153700	190.482033704563	192.481781725631	209.351552127813	209.466218820122	259.219927422848	229.711195751267	275.839553147118	316.955629301985
Sobic.007G085300	58.4602624970068	40.8907118659399	53.1527364723528	71.9453347998055	69.2326514234936	196.999237092852	226.230598579901	114.481694294547
Sobic.007G162800	579.293458065253	763.983766803688	624.160383289703	675.012816308075	594.112752913236	509.343997133632	520.803114426072	459.691842420666
Sobic.007G061100	652.292490666041	574.653386216215	336.339197057304	358.335886231312	381.58461365972	480.938318722141	223.753539487837	178.61220203433
Sobic.006G196500	71.0064013109099	83.1958762905111	85.9989596243069	104.19973912691	130.41499454193	146.692243859814	124.375007198023	125.135922108389
Sobic.002G294700	512.122776270192	1054.90660712503	682.787392917295	1175.96864568462	433.106586812088	2534.46091266697	2218.6881953977	1028.33942475395
Sobic.008G066300	224.679229507668	305.23041922658	211.132556039821	171.763256044597	231.848879185653	126.477763103349	184.942924119833	203.010144910904
Sobic.001G299600	6.78816049716827	11.8502670235091	18.7581961682943	10.1263696100045	12.8804932880918	13.6422022398482	41.9781515767747	15.2841500182888
Sobic.010G065300	5397.42114871795	7364.11041982369	5469.35501328921	5210.17797464645	6317.88195780904	6689.37588415548	5742.44556901307	5929.89237672961
Sobic.002G147200	472.617075369896	658.592941960209	602.961756126739	618.904009569744	610.21336952335	513.193223065125	430.841252577896	423.796513180292
Sobic.010G021401	3193.72971563501	2712.55186804413	2869.88122204993	3319.84082067742	1590.74092107934	6065.02242014708	5897.03448902997	5003.6341198813
Sobic.010G094600	795.002459381961	804.58744985807	799.47013330555	798.635657066236	640.804541082568	662.694350968534	577.238018185962	530.491335454088
Sobic.003G018150	43.8135216235364	101.617254832396	49.7953347386959	111.704315062768	6.44024664404591	376.045268168572	428.234035972057	141.919140755587
Sobic.001G372700	2071.26053820709	2111.32487527314	2534.6839937327	2832.84017936836	3120.29949904025	2624.44884924367	2859.79091127491	3006.7637636534
Sobic.001G157400	1331.98960301307	1532.91663861534	2646.67342177868	1342.65961816224	1212.37643074164	1163.94718700116	1214.12649830558	1398.88716700747
Sobic.001G481300	0	6.21774486992551	6.39808328397495	31.51357328868	3.22012332202296	89.3977032684415	124.221570344958	23.990892374639
Sobic.003G089100	1352.3309562774	1113.23150393584	1179.81816795749	1219.83067564144	1346.0115486056	1229.90821346237	1298.37697627598	1290.0835737163
Sobic.003G200700	0	0	0	0	0	0	0	0
Sobic.006G194100	111.890288520602	180.10704727606	149.237174856855	211.343760637466	69.2326514234936	547.608765223673	648.061635773452	216.571786150026
Sobic.006G181500	234.385633394588	297.073754371961	224.136531796851	292.201920355638	278.540667354986	350.958724400153	437.809359240354	397.759114739529
Sobic.003G017601	457.786665144593	304.534851022906	304.610327391742	203.780004000578	157.786042779125	266.837278908003	334.648201842015	317.294050261586
Sobic.009G088100	253.404530236422	208.818427586152	352.46043912118	343.855234766345	347.773318778479	328.912794023757	296.911895280797	340.373882206395
Sobic.006G133700	11.7382155457993	11.2528932491112	9.26061563888589	9.50247538273145	4.83018498303444	4.54359021718669	2.71583589059378	1.88271881415875
Sobic.004G319700	24.6188222548334	29.0282937843749	24.5436352229596	70.8036447105953	12.8804932880918	226.856079445179	131.380637422318	27.9106986304458
Sobic.001G040500	7655.54426693969	6454.4089948053	8771.8688405033	8822.38863603153	11053.0733028438	8760.4268336042	11813.3762054772	13357.4801092109
Sobic.007G069600	3463.12816823998	2380.71188207102	3272.98691434171	4304.66436607409	3590.4375040556	3858.8801691254	3419.46199556073	3430.65722187376
Sobic.003G352600	2230.5641766616	2368.32401059857	2037.68854165588	2327.47460816405	2125.28139253515	2645.33452456151	2309.98809712941	1718.29162446144
Sobic.004G151500	6306.90330962615	3801.22372342794	4695.87456273448	3733.5629547478	3583.99725741155	3343.01854061621	2419.63012175626	2753.76750830435
Sobic.003G179201	174.421005486655	263.997998787831	192.442209501697	158.409358607979	194.012430151883	233.01029848192	177.862505653383	151.758938613983
Sobic.003G028300	1695.53468885786	2917.4806378452	1150.05842899121	843.439012667367	751.898795692361	579.223587996051	740.348463368329	1034.14823634688
Sobic.002G385450	121.455815329739	97.1673291695525	155.804411907633	166.371739007073	88.5533913556313	170.26066729586	133.366995515236	89.6798158517914
Sobic.009G192700	22.0832528333338	23.6762319309064	27.4513488818621	29.4507410353707	28.9811098982066	24.2755621873693	15.7361457289172	14.6535578621681
Sobic.001G105300	8.5478973952178	16.5928040445239	23.3457796813213	28.7094566488872	17.7106782711263	64.4644536384225	52.4151198329524	41.5538493635337
Sobic.009G244200	346.588118981726	291.745994634604	369.69381308123	263.234624389177	189.987275999354	198.881690114891	205.023988525001	201.17146537871
Sobic.001G267701	62.9627342305587	28.1140065356944	39.3519457011243	31.8689882002986	27.3710482371951	11.3056776257347	8.74733528261914	9.14878740090789
Sobic.007G039100	3.37721772892393	17.4827891770926	20.0845980103958	5.33646704655664	1.61006166101148	1.15430686407545	0.493030009666113	0
Sobic.008G040100	294.649842415911	320.128310412358	327.765123485796	280.937062607023	320.402270541284	227.182486874866	200.249713992667	224.307332403268
Sobic.004G259300	999.746663317774	793.395804881653	927.487131494344	749.723049482012	716.477439150108	754.096286744015	656.334471594695	642.547107420437
Sobic.003G299800	377.162265051238	740.983890524543	479.17676254289	535.359208337765	386.414798642755	711.072321150556	709.258711799753	572.897309764738
Sobic.002G394800	430.605673552846	498.358178958833	481.692607125723	517.266579581398	511.99960820165	536.97720683263	583.320982700437	695.81564182261
Sobic.007G123900	3331.73296662105	3093.2517155627	3069.12978811608	3083.25494107484	2976.19898037972	2740.25703136435	2457.4390371332	2284.07543440757
Sobic.001G229200	110.789769350734	113.138457323566	71.7960207313079	114.520049394333	83.7232063725969	231.093911749361	182.980775953008	140.299487797343
Sobic.004G109100	23.5292215568126	12.7402521560779	35.3883930574375	47.7958033218452	35.4213565422525	110.878134432832	116.655576737315	62.3621985638945
Sobic.004G301000	3.36080842783704	20.4210538168582	13.2585455742314	10.9433827653522	6.44024664404591	3.43181776681286	4.95606851183441	3.79004818947111
Sobic.007G184800	12.3454860592805	16.873264344639	27.170310281678	3.3502277748425	3.22012332202296	0	0	0
Sobic.001G517800	4429.8327478928	2531.96173634032	4442.28951157167	3408.72956402315	3885.0787880207	2916.61898773142	2632.28970420468	3182.22716973103
Sobic.008G153600	391.934471012256	304.73025391663	429.43692071632	339.044717971733	294.641283965101	350.712351504132	275.733570644435	338.264703895258
Sobic.004G130900	1449.05558947696	1104.01375317104	1281.22534558471	1094.85894997079	983.747674878013	993.44902752205	1024.9798570198	1059.06747382234
Sobic.003G316400	86.0342972509587	79.6723889344036	99.841937186003	102.877907845574	72.4527747455165	128.376169114818	157.99131251008	147.465482022379
Sobic.006G090400	217.575666541263	81.7449705577122	295.340089246088	291.498642060842	252.779680778802	146.820582625258	195.824366105217	249.103410040092
Sobic.002G220300	565.125918699268	462.489478449193	648.95301779578	756.610135091797	437.936771795122	1120.98524484554	1054.55351707357	675.870620470344
Sobic.009G247700	21.7285191025425	6.21774486992551	27.7420513376159	41.1354506705937	19.3207399321377	46.1877213676775	46.6979804367726	35.9532819262663
Sobic.005G167300	2097.69027000093	2379.05440835128	2871.56126654216	2003.56234345723	2233.15552382292	2607.86595205622	2351.41734050469	2711.68847595714
Sobic.007G187700	61.9269458278919	63.9452679063368	161.725702469338	146.270287391244	165.836351084182	264.298177644154	296.68040979162	209.258414047115
Sobic.010G091700	5.03300799121211	23.4200737469031	17.0621365768871	11.7207038869383	9.66036996606887	3.43181776681286	8.20507730979734	15.2773360608486
Sobic.002G201400	338.015077386135	225.10646921445	249.918454005023	232.297531832018	239.89918749071	319.262995932504	393.677365353312	420.793166588402
Sobic.005G018700	38.6629923999094	39.9642735592035	40.3332716577094	41.1394743505373	43.4716648473099	39.072071291293	28.3383502280066	38.0284991470757
Sobic.004G311300	51.3576059677477	77.3071959529242	81.0483877040196	89.0052968192287	67.6225897624821	133.697417719924	113.774486801147	132.11431427807
Sobic.001G295600	7636.53397801483	3302.91053808437	11013.3776772702	7750.72106480818	6564.2213919438	9310.58061046324	7132.8754953023	7826.92928799016
Sobic.002G424000	2719.30966714141	3770.25289904192	3088.0428374452	3275.1440501114	2447.29372473745	3920.01675217707	2936.1160712611	2816.76968027317
Sobic.001G444300	1030.99897714836	1071.85277781801	1142.40650617184	1015.10852644427	774.439658946521	880.105644988402	796.646874264568	895.316424211498
Sobic.007G071000	2310.82932963119	674.709882810894	2341.14264741988	1076.47679473959	1521.50826965585	2061.81772737379	1231.79969546884	1333.61786855899
Sobic.004G042300	1654.25588791518	928.162214628929	1652.89991847545	1039.00458860254	1067.47088125061	737.61477922147	770.273645765756	790.084571615433
Sobic.003G286700	4.35919383623667	27.8456972936352	7.71815594152964	6.58466636577452	3.22012332202296	6.79638217341245	8.16798666987755	10.800769332382
Sobic.007G009300	31.3623392408345	43.2316027313076	38.6492671332976	31.7098941673547	19.3207399321377	60.003259909608	67.9581493576224	58.480522087249
Sobic.001G417000	1355.85460509999	1085.20255480654	1322.24462245513	1268.21728514904	1249.40784894491	1267.04326508446	1672.18248379081	1835.42942995754
Sobic.004G125900	703.673161674323	435.644111775459	694.680437635552	638.977081365728	716.477439150108	619.20284431541	872.368614740186	917.26532540727
Sobic.004G330900	246.762419154369	290.526944969697	365.297201267436	216.350102479307	196.4275226434	220.378168729117	248.139007976255	247.189266707339
Sobic.004G275500	6.53471727733165	17.4706381190368	8.53083242354427	3.46560609408115	0	1.69716553124878	1.07543088019095	0
Sobic.003G367401	55.2900316024589	35.8312613706424	49.9627331586037	85.5450319658811	33.811294881241	76.2956873567357	157.477946918112	129.569470092323
Sobic.006G123000	9.59551070687809	92.7174035067085	23.6272900113039	43.578768674647	11.2704316270804	147.649609013067	180.146213274181	35.3720195893255
Sobic.001G159500	66.3281270504891	179.156306853212	66.5333350277675	45.0301886051859	69.2326514234936	79.1195525425978	84.2244157361256	100.017989570422
Sobic.001G067000	123.204749148935	173.816396057799	195.710350277684	168.606147197829	154.565919457102	109.708691148422	187.95569326596	237.924642029948
Sobic.010G252900	5.78977508876863	5.62037109552771	0.898432689912007	3.93442996835387	9.66036996606887	4.53215862889856	11.6017699972274	8.41152431937947
Sobic.007G129000	4.56708710775938	4.74253702101482	2.55913896763028	0.662353667019257	0	2.26927125390019	2.89457761231124	2.651406414281
Sobic.010G183100	3202.73287129487	2071.55846951973	4531.69466806363	2144.51845752432	2316.87873019552	1958.65242127493	1397.6565419611	1696.5895856974
Sobic.001G476600	220.500856475294	420.366579895461	194.65304286667	324.592509230041	140.075364507999	745.695352789063	801.1585582013	423.536173796127
Sobic.010G016500	416.103962823091	589.51433124541	109.415885100371	317.763804655288	54.7420964743903	423.314003256467	377.287897867987	118.657684353527
Sobic.001G411400	36314.0434468203	30202.9308391056	40795.8763355388	33499.5303472105	36852.7013588917	32994.4201065457	24750.2125373044	25008.5304946561
Sobic.004G239500	70.5997835520513	35.2460386543004	87.8929885264592	52.7775922193523	57.9622197964132	55.3937525017236	63.6965687345616	68.0950606392318
Sobic.004G188300	420.831053062419	476.010356215337	459.55000292484	537.60075719229	400.905353591858	774.079760553887	737.804838726901	573.04910407988
Sobic.001G481400	5.13695462697347	8.30247755128988	19.5296618818717	19.0887693776016	14.4905549491033	33.3869419678345	39.4152889927251	29.0230977273839
Sobic.004G359200	573.785245013407	476.278665457397	663.275474998204	613.754994312631	587.67250626919	743.394033590265	713.973100839363	721.951808598606
Sobic.002G122600	3055.97763811294	2586.76215983019	3400.12221280957	3012.36837857317	3150.89067059946	3795.78140579111	3462.2997770773	3601.35585605132
Sobic.002G181400	181.577621297577	176.169437981223	279.634773155439	266.375426099233	296.251345626112	253.043051449214	312.783587575946	327.388981031033
Sobic.003G078100	20.9763363970794	2.66995539770631	12.532568759711	7.67615187330485	12.8804932880918	11.9532763574367	7.40684407763524	4.2719638271612
Sobic.004G265700	1421.58053212034	1080.94704607259	1350.9991858303	1538.85358096519	1423.29450833415	1822.49531010644	2095.78925582145	2008.25113040639
Sobic.004G358200	56.7910130310585	10.6676705327693	51.2623705106892	31.4787266642055	53.1320348133788	40.8338178437241	124.326529612976	116.151255435989
Sobic.003G200501	436.249042067246	356.971067496127	440.43921641797	438.39907161621	365.483997049606	458.857263596136	535.148608664462	647.016165744648
Sobic.003G115900	10876.2008835916	13609.0239649064	8612.45918192893	7640.80481402851	8281.35215341254	8869.40271247757	7107.44058142501	8131.65655566885
Sobic.004G285400	1067.64709194909	826.300952670586	1031.65082730844	1067.05225196259	999.848291488128	847.428507403097	900.253463906397	890.972253432049
Sobic.006G249500	156.448087661814	186.849259572048	119.633781686718	115.738658363035	128.804932880918	83.8452316032991	67.3325533316113	87.0037988763568
Sobic.008G088809	266.887095209324	312.234372253185	276.877626370613	335.955562916779	400.905353591858	374.057572061622	343.616955396989	335.186295074652
Sobic.007G037100	2872.11507396357	2020.26494548618	2358.6748199648	1974.98098151237	1959.44504145097	2551.48918468081	1923.15507496906	2133.59068453016
Sobic.005G063700	1022.88658285396	719.916858701063	884.104513339292	721.172211454664	858.162865319118	778.805351672481	773.462462915302	643.697846304357
Sobic.002G313300	2939.34910753643	2987.90440538725	3085.62281008312	2727.97236867359	3337.6578232768	3839.54139211092	3065.73576905651	3175.8177220678
Sobic.001G510500	233.423016685789	198.486390097165	115.66953772955	119.465433175453	107.874131287769	188.034402974103	99.2175172958086	117.883991705237
Sobic.006G182500	304.918988698138	513.865594977065	281.48031864501	316.504878727912	249.559557456779	268.189195757184	205.716167546584	249.30261370731
Sobic.009G241600	1.5846622287006	7.10773000249428	7.82768212591901	3.46560609408115	0	1.70859711953691	1.16480174104968	0.506526198843707
Sobic.001G398950	4341.57420660398	7187.98958607468	4458.18551913933	5287.95316312922	3437.48164625951	7979.44948419014	5484.33550127993	3490.62008617514
Sobic.007G131100	25.8434385031294	7.10773000249428	18.717928859454	85.0874574020954	94.9936379996772	25.5954785972849	16.9872660730424	26.4046392519224
Sobic.008G044000	293.920403091288	522.046561947796	358.810203127306	314.508452806176	433.106586812088	430.471715100908	406.643470954613	505.107287358797
Sobic.004G341200	12202.4008323377	8747.56817978804	10265.4564747115	10130.048122356	10788.2181596074	7142.78548883268	8378.20250547888	8392.11277117684
Sobic.002G182500	173.354148169474	215.669999404644	194.131462234742	147.49103565008	159.396104440136	148.919277668689	99.3932067597429	127.307045002078
Sobic.006G147400	44.4362688977778	79.0871662180618	182.393487356553	78.0198417988583	32.2012332202296	88.4108684279664	61.0307041977159	39.6831263471571
Sobic.010G254900	522.94223855448	516.779557500718	574.869253515857	491.886430998333	531.320348133788	433.892391540283	447.226829069862	452.413343248644
Sobic.007G037800	221.019977189574	109.55421467718	156.986274409154	156.244547667725	156.175981118113	208.209838224992	140.523153750608	107.587103303091
Sobic.004G265400	30.6138344903181	18.3484721935497	51.681619266906	45.7366688505822	25.7609865761837	30.0375206893939	51.5093456090262	74.5457570752862
Sobic.004G258700	1305.19037895242	1444.67346288759	1379.79287503498	1207.4884169084	1312.20025372435	1118.51499636916	870.526451044052	959.703239030194
Sobic.006G179900	109.029304595164	981.635214896219	238.289867794906	186.76895106539	359.04375040556	182.097704371374	317.460971658567	345.24171622124
Sobic.007G026000	1367.58742069025	1526.90644769719	1574.71018413686	1441.05581850043	1463.54604985943	1494.11044420943	1237.05447084898	1252.70389525559
Sobic.003G137200	387.32551191113	263.57123280863	482.937850373645	479.475363649119	503.949299896593	677.116850120778	529.075465618515	450.560341354755
Sobic.004G042100	2073.08561284673	2664.69103167362	1847.47142078511	1282.03119252906	1091.62180616578	1692.99785030799	1059.04062208603	1200.19820538203
Sobic.001G421500	6411.33069873749	7261.06032610553	7086.50422397861	6809.68450575532	4389.02808791729	8953.77640749799	6460.58157181304	4442.18160521809
Sobic.002G384300	249.254136108854	247.234586948109	376.659183267757	287.494603810314	347.773318778479	229.541058096461	237.109666977713	290.164545297761
Sobic.001G139800	79.5998486544416	160.520805848104	40.9891015860331	41.6370668459818	32.2012332202296	47.049335045228	30.6864990300658	30.8895433580549
Sobic.008G028900	1.67219956337508	0.88998513256877	1.02539966624664	3.42673578966312	1.61006166101148	4.49920003354968	14.2138605444327	12.9592774626997
Sobic.001G169600	317.609017873883	293.513813841686	283.43439362254	278.912363895563	315.57208555825	271.357486348194	191.529562198509	227.905392454805
Sobic.007G155300	7.91148623450954	7.70510377689207	15.5046272990114	11.687911585823	17.7106782711263	14.1685816093471	45.2044442173476	51.6004634653101
Sobic.003G148600	3.53129870509258	45.0358751125569	11.9704915593428	27.7710296543854	3.22012332202296	82.764555270514	135.673419293424	9.98713799565807
Sobic.009G040400	3279.46470213948	2239.72674148899	2907.30730230814	2743.30756286464	2720.19917627889	2215.64989144958	2215.55523903895	2298.83369760151
Sobic.002G356200	1215.02481618643	1248.82714352541	971.745850438724	1015.97609214254	1028.82940138633	1078.84468319444	941.506062774629	827.884794970333
Sobic.003G145100	250.210649523887	408.883802508117	193.012221829157	325.992554888313	214.138200914527	118.658685815513	199.462666556974	203.359657213651
Sobic.002G092300	920.698957078698	719.660700517059	777.084505669046	857.371201290215	840.452187047992	1021.32521566934	982.777156217477	985.917656787877
Sobic.002G270900	556.458928963602	469.902956832745	453.948537296613	449.576497937414	305.911715592181	592.89222374441	453.867449274352	385.515529251731
Sobic.004G101400	55.296544261839	128.560815935407	8.38009547071762	5.88344239433725	3.22012332202296	3.41214652968751	2.31217674178639	7.7616121393197
Sobic.004G227400	657.901205743429	1080.43374373975	475.167593852077	912.686134031592	359.04375040556	2362.00828918527	1574.3750281878	993.767734677083
Sobic.007G118301	151.506053193963	213.621719897446	161.978167995778	402.284735138905	106.264069626758	1153.51755803895	942.459139067732	441.453539439064
Sobic.002G188200	5.79435948086202	22.2010240819958	15.064131350028	7.98505998529003	8.05030830505739	5.70613673009936	15.8050375916798	8.63127855579103
Sobic.004G246700	1026.13246298756	826.825420096648	1034.07199859024	1100.30109753342	1218.01164655518	1120.52673960491	1024.42396096753	1054.53785075928
Sobic.006G269600	293.372257122775	297.122358604184	333.758667436575	283.848467722781	275.320544032963	292.025822772813	204.820293486599	204.503304037009
Sobic.006G083201	0.740357796469623	1.77997026513754	1.53373930138364	2.64900380340521	4.83018498303444	5.69789708126214	7.88244734698837	5.79154242369233
Sobic.001G417500	1290.13580606679	1632.97970372146	1045.33701376539	934.073668415699	953.156503318795	1083.22848762189	902.113353511018	865.042900038475
Sobic.010G246000	2835.59139130371	5299.7603396478	1942.83695261737	3633.74817538338	1502.18752972371	6422.00749554323	3823.22863652554	1801.00682574283
Sobic.001G373100	4.96187995762452	0	0.635306611471637	2.02552044080399	1.61006166101148	2.28894249102554	4.40546886415229	3.12650809453087
Sobic.001G007600	1414.99836431449	2164.82217765654	1970.71764885415	2386.66038249901	1748.52696385847	3004.87348225913	1987.21075570559	1730.20123044563
Sobic.001G162100	1202.83559467587	835.786026712616	1525.67768051503	1162.30477934556	1205.9361840976	1172.17429914359	996.742049474091	1055.33226338301
Sobic.004G283201	325.840122830197	624.651010377208	306.00620990519	757.157546654202	133.635117863953	2195.80945913994	1586.50897229145	526.747444299625
Sobic.001G422700	567.209677572849	705.298441850571	561.412562608115	515.986990488629	423.446216846019	457.70058806953	420.383665401587	477.639177257272
Sobic.004G355800	466.459208896132	685.792661247223	553.743845426796	493.940960991432	574.792012981098	556.968407209219	459.792542903829	481.958118509978
Sobic.002G353700	572.381263676289	582.894615494811	681.619565665033	445.684551088751	421.836155185007	388.90500035851	386.24698303228	483.129306652143
Sobic.003G337900	304.642203171948	772.267031803065	365.635337202506	818.963271113586	175.496721050251	1621.62058705152	1220.09759439667	653.816713681909
Sobic.010G035300	3.26144618416908	5.03514837918578	9.00668168621663	3.34940604549887	8.05030830505739	8.46749258863404	3.22629264057286	2.50802043306492
Sobic.006G180900	1662.94905954272	1086.21503648449	2100.54632326499	1857.055739319	1919.19349992568	1897.36411036975	1761.36230869267	1939.78710291388
Sobic.004G325700	2333.49297835551	4544.88216593197	1923.92164586123	2902.90497889246	1503.79759138472	4565.48524489948	3203.37130331476	2293.708367954
Sobic.004G305000	884.851760932644	2278.24930247896	995.023894292221	2246.25514600692	328.452578846342	6073.9500792548	5349.22855471042	2137.90383514272
Sobic.001G489900	5194.27818495425	2134.89174768154	4900.99418373557	3520.84198036692	4300.47469656166	3003.78724043653	3751.24963537729	4653.45934660477
Sobic.001G113900	382.420226746932	365.785861415424	170.400778526429	266.552733722044	230.238817524641	368.880632170477	249.448369641091	204.153281465545
Sobic.003G171400	4015.27728923719	5349.11050685492	3470.05415442647	3330.33612957067	3734.53802271612	3994.5599779703	3403.94421490744	3024.95068099012
Sobic.002G425300	81.2976263030904	13.3133238143639	98.1672889220952	103.130511309231	85.3332680336084	93.2729032712046	154.347729628762	101.545503972775
Sobic.008G045800	65.036967160699	93.2661730488826	73.8338215372088	77.4432761005623	114.314377931815	106.415091641907	127.012937868298	131.468570786843
Sobic.007G050300	593.183316448173	550.110978286436	618.821145392069	640.474619294574	573.181951320086	721.851484527629	739.946107298257	797.162962665601
Sobic.009G083800	300.42761401606	294.611352926034	336.60948488199	325.546166731585	352.603503761514	327.127968370831	199.040901997642	218.220864817576
Sobic.004G063200	2337.96964903029	2236.17599412228	1407.04391049027	2333.99482136655	1600.40129104541	3571.40435395236	3153.8660073945	2126.99763409416
Sobic.001G085900	1307.97409288316	1236.782459573	1211.26370549874	1300.31572639622	1157.63433426725	1178.35664853365	954.286736138883	844.307955120008
Sobic.006G197600	463.277331672217	419.709436795613	627.876527862434	424.703547701594	362.263873727583	413.982777790796	455.958231380869	517.22324978015
Sobic.004G338800	6.23928667113446	0.88998513256877	11.7931216887998	4.63565393979117	0	2.25783966561206	5.65964146606071	2.50802043306492
Sobic.002G332750	9517.7174201789	10234.8394184584	8709.84120209424	7603.75246698938	8389.22628470031	6680.74208615733	6296.08155420038	6510.49436095627
Sobic.009G086300	1.68860886446196	2.0725816233085	10.9217936464027	10.7109826681877	11.2704316270804	17.5134747788213	21.2715628534933	15.9738240946083
Sobic.002G293700	158.320033542665	611.131118575894	339.671357286575	214.656591633029	201.257707626435	197.532094801659	229.609792819121	168.432762724981
Sobic.001G012100	950.389148962517	729.681407078378	673.502235440856	707.747810071427	568.351766337052	608.358823451005	538.892191986139	486.889671136992
Sobic.004G231700	0.931841766905453	0	3.17653305735819	0.623483362601223	1.61006166101148	0	3.01574969601269	0.750890996408867
Sobic.005G044400	643.925095582779	417.50220756886	796.943546103351	814.969750218513	1012.72878477622	711.821016243265	774.790704802496	1056.13430787972
Sobic.003G227300	20.789436818737	12.4476407979069	16.6157831731554	21.9697624134996	19.3207399321377	19.335051611724	19.8909287508063	16.9622659311421
Sobic.001G165100	16.9417138142669	13.3133238143639	4.92299554297382	8.10084916920048	9.66036996606887	5.12074364922442	5.37715440095477	6.39904743888511
Sobic.009G137401	528.385720839124	460.746947323054	729.572106957482	560.042460463887	698.766760878982	537.612962148058	630.736774145689	786.163853519066
Sobic.002G139700	465.806273041343	563.302791520241	381.213148139588	377.729444042507	415.395908540961	545.54068694436	421.817909934792	430.392445108406
Sobic.010G182300	7643.3013338378	6315.78510334543	6134.04483990003	6611.37831379717	8137.25163475201	7904.38765577441	10196.2946798222	10363.3324636184
Sobic.009G178800	586.079242566698	643.140205703229	612.041958537908	666.14839196752	698.766760878982	735.426359070332	766.277347578696	742.755972502311
Sobic.001G386000	1931.62605375481	1977.12956525449	1175.32175147594	1653.3968120013	734.188117421234	2210.83254105922	2065.93710629625	1572.94457402633
Sobic.001G447800	42.3975999844313	25.1878929539848	47.0469349682601	46.6313801313788	93.3835763386658	55.8423714537763	56.638794717604	21.359819135806
Sobic.001G045700	2464.22098319609	4107.44987669263	2266.14116822158	2245.86771204272	2342.6397167717	3099.86242939652	2540.54811166133	2089.48633375148
Sobic.007G088500	1114.59658113023	1204.94299427603	1063.90506112024	932.698323571963	1021.58412391178	1102.30348075656	956.730013994745	990.217057761942
Sobic.004G337925	2768.78791941657	1419.01069270459	2716.20739726795	2598.12374346103	3307.06665171758	2893.71738132754	3532.22967400423	3746.92948373021
Sobic.006G006500	581.285413703972	634.538055299911	561.014036078032	532.072233878124	571.571889659075	697.399778819983	676.945441525757	718.654876086844
Sobic.003G123300	506.112758242301	171.475505192432	351.056386277023	153.480080578306	215.748262575538	196.298198667405	230.137755004827	236.738628643294
Sobic.010G158766	3.63524534085393	6.52250728615234	9.00255735312955	7.94701141021562	4.83018498303444	18.2397584590246	27.7181153269696	14.447431540637
Sobic.001G078900	7821.40373347101	5087.24436603344	5301.70914195264	4766.30433577954	4273.10364832446	6432.67198183696	5717.72089920668	6302.3629430618
Sobic.002G080100	3680.71670529435	2981.28074577733	2293.45617583733	3852.29953112373	1663.19369582486	3728.33430019916	4847.20758939642	2996.25353212239
Sobic.008G163700	247.020842288375	74.3203270809352	174.168773745197	126.261863343882	45.0817265083214	67.8319063079724	59.5916853585236	53.5884384815235
Sobic.003G076500	2448.68396503745	1581.36466963185	1972.99327525047	1706.39742214133	1519.89820799484	1414.56637059949	1672.08749128501	1887.97862301463
Sobic.001G488400	0.931841766905453	7.41249241872114	12.5238483637384	8.10043830452869	22.5408632541607	14.2307872601741	46.7206248862657	12.5427474339319
Sobic.002G246800	81.5163226534665	79.1114683341736	70.3538950925699	91.5102386489981	72.4527747455165	147.263526305545	197.55666596736	118.375475265847
Sobic.001G147200	1522.74081297835	1326.10905139739	1296.33157792594	1525.04043569769	1234.9172939958	2018.13365201255	2210.82544529463	2024.95105814409
Sobic.001G518100	1170.76963047181	1266.5660908865	1271.52444258204	1108.16642263702	1152.80414928422	1003.27735121176	908.156853798002	999.779515390218
Sobic.010G034600	134.471437589048	31.4056378239103	104.989710980204	62.8764258022005	67.6225897624821	138.062542880885	122.962571872493	106.526060328351
Sobic.001G532700	1270.49333095985	1442.05309768693	1591.9011094844	1230.96598886754	1086.79162118275	1687.70104418324	1223.6512537165	982.877711222977
Sobic.010G147833	522.025553472534	707.713225029104	677.527040764117	710.245293433675	671.395712641787	950.529248681767	826.002407064537	751.951203066298
Sobic.010G116200	18.0768644606017	2.96256675587728	0.449216344956003	5.95995040915786	12.8804932880918	13.0110828058207	22.5976795759475	17.7036977015035
Sobic.006G182800	215.215311701391	593.645371504312	106.925565840925	132.512076990445	46.6917881693329	218.564737084645	213.609193727726	230.731316493925
Sobic.006G191500	16011.629564047	8790.99665059807	10434.5284114884	9479.80655478721	10088.6463678979	8363.31261888872	9842.97365893326	10480.2402008279
Sobic.010G148400	55.0046762175952	55.6670924711586	60.2801312418709	63.1468744744395	62.7924047794477	73.3564737949771	85.2247785300905	103.815973565715
Sobic.004G059100	54.9974357006951	124.696112988905	67.7822293281457	78.29184896301	80.5030830505739	99.188310914267	142.88768242123	142.477207254727
Sobic.004G201600	114.072209228083	183.325772215941	78.5260172394739	117.015215438753	99.8238229827117	246.16219438575	235.60412986333	201.637542620403
Sobic.002G155301	404.642505420932	578.683114411301	529.991233549436	549.932547504101	557.886365540477	615.782549243379	606.409826822053	507.427609954495
Sobic.004G158300	347.858043412076	247.941320245011	331.782106099649	250.873435723745	225.408632541607	237.796992154358	220.920634136833	217.011471415023
Sobic.001G294700	315.722527772599	267.4723889293	301.150528657506	357.277170961551	373.534305354663	618.90589986512	689.797411761584	529.234097911968
Sobic.008G046600	1005.27430151351	1764.35021222221	1017.30187318483	1430.15587132088	764.779288980452	1860.08316853088	1198.47125579307	850.083950358667
Sobic.001G474600	4228.15814584368	3638.94363881385	3637.00618443309	3432.78303057429	4048.50004661336	3938.01211077561	3386.94860542394	3484.1749863192
Sobic.007G047700	2987.18745109226	4576.0901094524	2889.47049962619	3893.61947806998	2733.88470039749	4723.29115686981	3759.90422924326	3333.41503981545
Sobic.001G253900	27.4609193340038	40.5494962755454	16.2169697224077	16.2798498119089	14.4905549491033	15.3507993593851	6.62827474507997	7.66327859157791
Sobic.006G075600	712.630766838106	584.625981527724	542.951761124136	572.918350070776	507.169423218616	667.251053142403	481.526221350532	367.074970040543
Sobic.010G118000	677.867623236994	477.083593183574	541.996069176721	546.466423515228	566.74170467604	464.758999159717	577.274293727393	586.355061537662
Sobic.003G142300	3.27327109316256	13.3497769885316	23.6588369241716	32.1738726323401	11.2704316270804	61.3189451792329	74.3304488433621	38.5843551650994
Sobic.001G180000	919.352938544128	1500.17044054596	1103.18222975901	827.737065240363	822.741508776866	812.30968670696	799.596920783879	699.419747567555
Sobic.004G212900	22.2445743264026	24.0052964632451	43.9778770413643	51.1079825216133	22.5408632541607	104.256418023192	119.322041248959	73.2351674626387
Sobic.004G219800	100.322678645051	76.1489015782962	32.7343057561388	88.5313016377714	38.6414798642755	69.3794219906356	118.841083842148	57.3884561657589
Sobic.002G301000	1216.91956863475	861.18147361838	1346.0981252589	1079.55813233411	1275.16883552109	743.67522085157	877.578134520479	1067.06225071921
Sobic.006G166100	2183.42644502132	1134.49393865304	2474.06024093139	1945.22690644272	2543.89742439814	1325.48751009401	1412.4449138275	1598.83260649387
Sobic.002G248600	130.988344957077	76.4536639945229	118.373775778941	147.4092713613	104.654007965746	214.105480170523	252.11206872654	253.048554519514
Sobic.001G340200	492.892959333762	381.732687453327	526.560694809242	452.125255526408	513.609669862662	396.788145774933	334.916539210335	353.300466864634
Sobic.006G100100	97.0977922046359	119.344051135436	75.6902819370123	123.99991912597	75.6728980675395	172.966120337714	250.286145796158	154.446410763794
Sobic.009G014400	341.46961731612	166.452507871301	286.518566254822	251.866629294703	270.490359049928	201.30862823447	195.086083086159	325.531961410763
Sobic.010G258100	1572.7137557814	912.141496277861	1302.91130921108	1315.50700759339	1072.30106623364	1711.11835301537	2709.58042661008	2037.93796818263
Sobic.004G345600	1535.51805843812	1463.48564721692	1754.90140760027	1817.9166957934	1897.45766750203	1825.72234781489	1981.85852040582	2105.07081388777
Sobic.001G304500	245.554096814166	172.71885697345	258.98536657575	212.002394459094	233.458940846664	226.460643551048	427.017888090628	387.472766810241
Sobic.005G230700	4.65462444243386	13.3254748724198	16.8522763338794	5.92149096941165	4.83018498303444	4.5467821566376	2.64389177004802	1.75712943665605
Sobic.005G040900	837.375303918588	1021.69669691987	932.288316526332	995.045123403516	1115.77273108095	1106.69243414753	1085.59312756098	1237.07501320305
Sobic.001G349700	565.323596837178	688.926328780713	650.09434829303	622.395182334397	558.691396370983	644.873026563	621.149633684884	639.142558927059
Sobic.001G082600	3.25686179207568	2.96256675587728	8.56665746703173	6.66117438059515	0	13.5653730612822	22.4507390770727	13.3334003266005
Sobic.007G185900	7143.24929193067	6974.32845510858	7262.79690064191	6433.28921351265	6683.36595485865	6893.52229564309	6911.86262334255	7125.70426401962
Sobic.002G342800	37.2678858743579	16.007581328182	51.7144172344362	56.1294634528821	20.9308015931492	155.652624206528	197.313714837642	87.5858975726324
Sobic.003G209200	1574.04215423389	1686.89818953745	1699.13425661973	1549.24376250925	1730.81628558734	1245.73092000449	1195.36112219202	1275.74259284636
Sobic.002G230000	0.740357796469623	0	0.449216344956003	2.57167405924096	1.61006166101148	20.4468240620979	29.7220365884767	13.4794315764238
Sobic.001G298100	20.4894218204464	46.5232340195235	24.8655769965155	16.7098033817636	22.5408632541607	10.8104010816494	24.2009939464305	14.680813691929
Sobic.007G155900	616.257650986373	886.259021085032	856.529816860668	734.797412387882	689.106390912913	522.857178918104	422.172883362379	482.388059059881
Sobic.002G260600	48.7955520238278	74.332478138991	110.144449823484	56.7508924921242	77.282959728551	48.0989018447748	40.6747510117106	56.192147193723
Sobic.001G286700	6.51372358415136	29.6135165007169	9.13412039234976	43.6629981514576	24.1509249151722	66.6571926824323	47.4855631268836	24.1231870127093
Sobic.005G230100	111.807514157647	158.771706210522	111.625866749032	120.067869378872	104.654007965746	119.72710728309	141.96739029898	160.607179700092
Sobic.008G018800	76.7552108434581	71.3699113831138	99.2197932358565	111.139494506406	123.974747897884	79.2343880258991	102.321894462088	105.191044332649
Sobic.001G529400	58.6125305988823	70.187314892374	84.2759595201178	124.889742514092	64.4024664404591	96.1635022168605	176.589491237874	181.36670934999
Sobic.003G363600	71.3556442124612	23.9931454051891	74.4554937575565	25.9487298249024	24.1509249151722	18.1071075085335	34.6349099448249	36.484309989391
Sobic.006G205100	11812.3170481343	6026.43353363256	14112.0623471333	10154.2987600917	9198.28226935858	7379.68912943804	5826.33929497581	6456.48380284482
Sobic.004G143300	4084.94771076046	2645.41907906783	3677.93959086025	2759.65954206558	3170.2114105316	2075.20323158022	1765.76526055345	2233.01201886907
Sobic.004G326400	1058.0484912325	942.450580982254	1237.32533912908	1056.1293355582	1011.11872311521	1283.54802721266	1119.80761631186	1072.70119854503
Sobic.003G029600	1460.92608455479	1826.89515055764	1759.97763031737	1852.70619584321	2529.40686944903	2290.14941918989	2407.65553531879	2528.30956782978
Sobic.009G165300	9.42960482171595	5.03514837918578	7.02419776967547	7.98464912061821	3.22012332202296	12.4764637874846	21.9751358077196	21.9673241509988
Sobic.002G389800	1598.94367574879	1363.3800534076	1483.55553032164	1136.74152855089	1263.89840389401	1234.53078559673	1149.29707945612	1215.96806381275
Sobic.009G110400	0	0	0	1.3242964693667	8.05030830505739	1.13463562695009	7.95439146753411	1.25060323781235
Sobic.004G235700	422.641242792782	158.137879261956	231.852132392222	317.49240516024	199.647645965423	522.543134401487	701.02853076996	611.136748717489
Sobic.003G379700	2250.91025995684	1084.89680642548	1643.77960981956	1727.41145066658	1342.79142528357	1929.650907655	2308.69464400246	1935.16242898107
Sobic.001G482600	2789.66011570489	3270.36795010745	1077.44471527677	2930.86192719433	842.062248709003	4053.52626797816	4297.73396513248	1902.91257977715
Sobic.004G078800	7.27507507380127	31.0765732915716	39.6621400027503	28.8284902667849	40.251541525287	36.6738606267725	51.7895238069413	38.4026220109765
Sobic.006G252100	372.616528795911	387.084749306795	438.076467436956	470.601132071501	441.961925947651	383.662436701906	408.856663503186	413.530036145232
Sobic.003G204200	90.5357471543706	70.772537608716	71.4341399183778	78.6526051153621	91.7735146776543	62.4705797042773	91.8796367888333	57.6489854499391
Sobic.002G037300	2.51650399560606	0.88998513256877	7.41429082445047	4.01217057718994	17.7106782711263	10.2300557101607	25.022686726575	17.2312412898609
Sobic.001G477600	221.182205119789	212.317612826148	238.905518425773	247.027584810042	214.138200914527	283.599143707108	374.438544434282	329.284314608563
Sobic.008G147800	121.813257391697	208.574420460205	59.5511273513932	187.863334688968	24.1509249151722	312.210908178987	206.62513045657	90.2279534577387
Sobic.004G203200	8.70107193423981	29.0039916682632	2.61826225781129	11.4895363837892	1.61006166101148	11.3482120394364	7.72113236558389	2.02610479537483
Sobic.001G488900	0	12.4476407979069	2.80435252432692	5.49071567021331	22.5408632541607	13.0669045777459	31.426044044565	12.2669581177729
Sobic.005G142700	269.933956882963	175.340208138934	332.621553015696	330.484239915387	365.483997049606	363.597167238363	382.231441650669	354.29795344051
Sobic.002G312200	112.623584379798	121.782150465251	142.282268525162	149.696371385112	120.754624575861	178.194580066998	177.187081689417	136.691859822885
Sobic.003G162000	418.748851757858	411.406959244324	347.614643524863	391.723933287739	352.603503761514	430.854214439897	545.964882727561	570.627057565543
Sobic.007G162500	212.869591955661	243.723250650058	197.05625585369	206.453667778436	191.597337660366	258.999866552557	252.589765739393	288.053550691426
Sobic.004G250000	1263.27864012117	1163.96525307404	1429.84035294362	1274.53012367258	1358.08701106318	953.979458704507	722.244266176969	760.732726687283
Sobic.003G053800	1757.12529591531	1327.5604501126	1727.07863241161	1480.9174316499	1628.57737011311	1447.92256064862	1551.5764252131	1629.81457223286
Sobic.002G210200	834.508905889557	716.514881925514	871.93865137628	939.097373603877	664.955465997741	830.39115082383	1220.82290918624	1242.89569418299
Sobic.004G204000	265.812881982249	441.532792113047	350.799425248396	275.91114713114	312.351962236227	225.717151756656	240.561692143866	176.041931228882
Sobic.010G196300	54.3154745916729	100.715118641772	87.7005690753971	91.4676705625336	101.433884643723	45.8740207745117	40.2051805500269	38.8123380823041
Sobic.003G254800	1028.73539478178	934.258448918296	1158.3623683073	1033.03425473893	953.156503318795	799.860519744612	834.233259777025	961.417491634839
Sobic.007G114700	8.28986978328779	6.81511864432332	4.28768893150218	17.8418026523992	11.2704316270804	11.9075500042841	19.5735882050745	28.0498072259562
Sobic.001G169700	94.4819259653618	35.2581897123563	77.1625392992225	54.5428506379382	43.4716648473099	58.6112583540122	66.7152989804605	65.4105975892588
Sobic.010G209100	120.145579033782	314.032076122991	158.751067909478	559.98452961268	59.5722814574247	1035.75976112518	848.485564785458	207.379687129615
Sobic.006G131900	460.215760737531	1152.8049717076	365.925017863197	624.220665337743	202.867769287446	969.890592215013	640.36665667415	214.671270732154
Sobic.003G403400	3037.29370098402	2375.56540223967	2458.90572015775	3149.6641962245	2088.24997433189	3498.31251478486	2302.59702863256	1949.060540358
Sobic.001G481100	762.861748097099	1044.23893659226	120.914333797863	339.330242829971	22.5408632541607	381.336756825604	256.426601253235	117.219873246279
Sobic.006G063100	30.0803481352311	13.6302372886466	41.6630081708337	53.2181433038997	35.4213565422525	130.343677548611	168.67978170701	127.799943286041
Sobic.002G303600	2770.91856856052	2505.31177256031	3179.40731230465	2841.8957323266	3570.31173329295	2445.63301927938	2466.07630743318	2576.96810795916
Sobic.007G219000	263.937373539446	500.30268149014	337.279343257053	249.398440542564	223.798570880596	228.80312690405	171.882543091704	166.020940839768
Sobic.008G060300	918.549920718764	735.619677613018	749.203104018634	1269.70882194721	1045.73504882696	2170.97765541551	1532.26070563626	1056.90618256881
Sobic.001G515800	135.910102608994	64.883857271129	94.6702292805766	168.849081906257	98.2137613217002	230.387521938027	127.504402401366	105.23874203473
Sobic.004G067000	259.861659027146	349.473517671016	176.3437880107	297.459521229463	133.635117863953	725.049191350506	459.14554078668	232.963044728038
Sobic.002G040600	352.128908869486	296.195920297448	380.616189355329	488.312694278903	339.723010473422	626.196478963021	450.206296236927	324.169546008772
Sobic.006G209850	2357.93774942316	3241.7414674637	2292.50121393812	2243.05517103385	2213.02975306028	3201.73658909015	2184.05088314119	1885.4732745119
Sobic.004G270600	715.990553435803	636.232968158658	638.50292685373	696.497836511917	616.653616167396	675.658702034915	536.477770657182	542.041217228295
Sobic.001G056700	570.011536953319	496.065892325689	473.124567031729	428.920023613917	355.823627083537	412.356138603968	334.015007531736	305.827714531246
Sobic.002G021200	65.6497285034203	132.364763591629	82.5691284788108	121.732548700549	128.804932880918	215.509439622652	215.030922254883	160.180503384386
Sobic.003G112700	101.054837281114	72.2598965156826	133.494200040359	73.8161107855064	114.314377931815	91.7036513653862	122.909548260962	179.341835099869
Sobic.001G310100	4876.64930596562	4725.61680488752	4615.30933409011	4143.51052674541	4284.37407995154	3184.94219685361	3064.3708607508	3051.09472489152
Sobic.004G227500	827.894658319318	1366.84081354377	961.944996206304	905.425774332405	719.697562472131	1549.89835027017	1221.30749786308	975.342742758733
Sobic.003G337800	26.3111090742421	85.0001486717604	26.721873261586	108.925311745488	8.05030830505739	534.953421491212	283.329936426599	83.8891097874337
Sobic.003G117700	2336.82943423617	2558.50234059783	1813.42864816212	1822.34519040871	1579.47048945226	1854.04127080543	1624.65007163742	1481.26130906062
Sobic.006G199200	1399.01695726319	1597.9108413738	1288.32703464594	1721.41979596673	1286.43926714817	2650.84556252137	1661.47468663276	1256.944447672
Sobic.010G164400	1585.28011906861	1624.36145840077	827.660097388957	1900.25354473478	410.565723557927	1710.27839510251	1294.75419599466	669.277490495203
Sobic.001G420300	612.199908834317	335.660028546701	454.778675244974	366.812534643845	320.402270541284	362.351687677571	390.016812290685	411.386788046892
Sobic.005G117801	4.8251147196894	20.4332048749141	13.9117647074467	9.19397813541807	12.8804932880918	33.4135166842816	35.6353444466869	25.3204004393814
Sobic.003G339100	61.4581902400058	251.476958659174	114.021237674809	227.294824868795	54.7420964743903	270.922930990607	227.377223202529	92.1038583144572
Sobic.002G359200	34.1168989853303	30.8082640495125	26.2219464273562	19.4021120342022	28.9811098982066	19.8499993929348	10.6876540984409	15.8194554671191
Sobic.003G362500	345.688126193215	333.697792410725	375.073429185603	371.658234992502	397.685230269835	261.509207868333	237.015678382473	304.284065996966
Sobic.003G194600	94.793765872646	92.1078786742547	120.973182055412	86.6769462697422	61.1823431184362	136.797719426381	116.792473656453	141.71043726075
Sobic.003G272200	419.40287518816	544.343808529409	218.673892176072	511.100009805888	107.874131287769	1143.73859119751	1152.5390810792	453.335174652917
Sobic.004G191700	93.2008412969054	30.2108902751147	82.7930948427411	99.6243914520447	103.043946304735	83.1372829907056	106.294140113884	83.3200200404492
Sobic.002G247500	1356.4679324274	1363.01354973627	1216.61744733586	1381.17859762268	1175.34501253838	1386.25420337975	1063.5049322457	864.269758260473
Sobic.007G212900	6.51372358415136	3.85255188844604	15.4992415740615	7.75348161746909	20.9308015931492	10.2808297726995	19.7205287039492	24.14362888503
Sobic.010G043400	1198.56170495413	1128.36125118951	1344.54298037681	1530.02196160073	1455.49574155438	1965.2631962873	1546.37381025261	1368.30074999848
Sobic.001G009200	373.293726933214	172.682403799283	435.547000351033	375.548516319133	333.282763829376	649.718770822133	599.989206322872	571.774397688672
Sobic.001G121200	4210.22397840918	3629.58664386382	4613.10765104558	4091.56911854492	4238.48732261272	3344.40839614103	3037.68536679627	3437.35046441828
Sobic.006G165800	1183.31411565737	1122.29030498109	1267.10952485217	1024.86762897061	953.156503318795	1030.54118013265	928.72274995377	888.865762655098
Sobic.010G055500	1498.76958725066	1352.04111678727	1536.97329167966	1432.23601363217	1540.82900958798	1808.70170695975	1684.89936936848	1742.24000836026
Sobic.002G269032	182.73880452713	422.623399319266	191.701091363373	587.770739196578	38.6414798642755	2000.80765901904	1553.71124278137	448.724830467727
Sobic.007G146500	1.31022531568371	0	1.08452295642764	1.24696672520245	1.61006166101148	2.27751090273741	6.1208702528841	8.81290301304118
Sobic.002G274500	115.320412107733	158.247238784459	111.14427092951	226.327586769734	37.031418203264	668.684678461249	523.58930089082	177.895115636861
Sobic.008G067900	1033.73844339453	881.578225319127	978.56074549446	763.055718794225	874.263481929233	732.563967979315	687.505082621855	828.088134110738
Sobic.003G282000	7722.45243138127	5632.89655873583	8938.95597298033	7668.48654300673	8388.4212538698	4815.88197888915	4276.89765070297	5151.40336347245
Sobic.002G158700	1766.97474142342	2104.76591481282	1629.22427203347	1598.3522306395	1743.69677887543	2192.32007038064	1832.42454395227	1804.38085378629
Sobic.008G185500	2654.64537319906	2307.79385649066	2697.52537925125	2183.48385201237	2028.67769287446	2044.07345467495	2063.58611874424	2159.03195478792
Sobic.004G168300	95.6599704352038	74.6007873810503	150.025642195013	137.669961336789	151.345796135079	80.7989026066567	104.986265230232	101.302553898563
Sobic.009G237600	554.046486996751	1073.30368355081	975.537877456019	527.863416524363	471.748066676363	460.485333412885	366.41802653018	512.136206677266
Sobic.008G174500	5.41139153999036	20.1405935167431	5.10036541351683	2.72592268289764	1.61006166101148	1.13144368749918	11.7312837557891	3.38450080697648
Sobic.010G095600	287.184189808821	217.377063321445	328.103535973283	259.875442558329	251.169619117791	415.224299513061	443.333982407085	381.738606094348
Sobic.007G008300	28.7501509565072	27.5287838193524	49.7387667946736	57.8816591687444	61.1823431184362	82.6648696231965	89.455373028798	73.6386305007171
Sobic.003G158000	15.9177503205936	44.1215878638763	46.1325092382317	17.4879462326933	11.2704316270804	10.1792816476219	21.0610199089331	9.15560135834813
Sobic.006G184700	162.572319665441	210.622699967402	88.1560939304989	231.279807380072	14.4905549491033	330.895162411733	174.567600994118	52.8858641527855
Sobic.007G031600	1348.3587023096	1391.45760676913	1306.85486132347	1282.93994954757	1482.86678979157	1553.46385818832	1426.70359972439	1522.21771682875
Sobic.009G166200	391.72815982904	507.220591145523	320.6308952395	316.424347033148	251.169619117791	417.0480357924	381.134073857629	366.4752921343
Sobic.001G459400	2.24206708258916	2.0725816233085	7.86350716940648	14.0607995783584	48.3018498303444	38.0134482738133	53.6170122139218	48.0632261479427
Sobic.010G276600	522.94121672434	360.043979739337	887.379710907641	629.496652899216	684.276205929878	393.639661300212	322.135296495887	379.340874405236
Sobic.009G022100	1168.61978666545	1563.95068320372	1485.12899875463	1281.44255948893	1395.92346009695	1507.58867310239	1662.90892851402	2133.98006456508
Sobic.001G033200	523.762714589097	659.178164676551	584.266446749813	587.921401875845	660.125281014706	782.429090651081	621.820662025674	615.855696206083
Sobic.002G421900	6840.52833926848	4134.63087641014	5831.0965266357	5051.06436081045	5313.20348133788	4312.58010622472	4154.80266641325	4625.89980515808
Sobic.010G075100	0	0	0	0	0	0	0.58240087052484	0.750890996408867
Sobic.002G112000	3.17390884949461	5.63252215358359	3.38053584561755	2.57126319456914	3.22012332202296	2.2743189632865	3.8086935110977	0.625301618906173
Sobic.007G061700	2067.6991457014	2834.64371074975	2327.95638004299	2316.87853485454	2446.48869390694	2986.75595123031	2573.21837576007	2404.54923247896
Sobic.003G036800	590.274294048969	544.588801620185	573.472145046378	582.041898194677	540.980718099857	470.658744074201	371.3149599274	373.748576250332
Sobic.010G016600	289.455218959011	393.972774299454	267.017502545327	328.714631918961	347.773318778479	385.915613379388	428.981802882709	455.913790028977
Sobic.004G237000	69.1790989412261	106.62810109547	68.1445818708743	91.7700898065442	51.5219731523673	155.059301861142	170.777012893546	88.210580225949
Sobic.005G132000	22570.3682540482	24730.0304452896	20254.7717366098	19415.5157742985	19853.6703419325	21113.7154654603	20525.2731952663	22378.0469124091
Sobic.008G022200	38.2964337601246	32.8686946147651	45.5281136750962	39.1479788048641	28.9811098982066	14.0930886002966	26.4267803772444	20.3331388232382
Sobic.002G194400	188.575456347245	145.702389522105	143.69048860204	108.566176988477	83.7232063725969	118.727794945662	112.770256650909	117.139914666268
Sobic.003G320700	5434.47633534154	3746.33758980921	6945.84682651666	5204.74049705387	5232.70039828731	3035.74225823186	2845.241432492	3275.97096785569
Sobic.005G180700	1683.94098418731	1673.14446973859	1826.42288017728	1898.46363301929	1728.40119309582	1740.48832709797	1471.62920561546	1393.51937586375
Sobic.010G277200	81.5757411710541	55.1061718709284	86.7244647090286	85.1154042939236	172.276597728228	133.381557680322	141.126848717718	179.49794454133
Sobic.004G079100	9849.5851207957	8615.79093032252	8553.69126476546	8024.85010708203	7523.81814190664	6902.9254577701	6490.13371794498	7238.30060917522
Sobic.001G332500	951.382452907291	1167.88710069387	1058.71239667461	1041.79293806376	867.823235285187	1032.88522937379	823.920508874815	817.515489608079
Sobic.006G046700	2507.45881444025	3427.14589683198	2774.1485438206	2528.89323319044	3323.16726832769	3081.96732471687	3053.37413419569	2872.33408569729
Sobic.003G207900	1068.02447549201	1198.89437825406	271.364881113491	914.852869441273	128.804932880918	1207.79209488709	1407.21210234874	721.51311923827
Sobic.001G095700	2271.42581728945	5579.58939617963	1089.90204365978	4214.84724009972	323.622393863307	8531.73595083245	6545.12790072815	2682.98518249997
Sobic.003G423900	145.972619216098	115.527952421158	150.883971710817	114.923288666374	90.1634530166428	237.649103615301	306.712088702011	259.303597011594
Sobic.006G194700	7.20394704021367	9.7776854002006	3.83847258654617	0.623483362601223	0	3.95819713631175	3.77689228825499	1.25741719525257
Sobic.008G041100	2.1381204468278	2.0725816233085	2.05079933249327	2.72592268289764	0	1.70035747069969	3.97000849250219	6.64341223645027
Sobic.005G229500	354.788523163053	365.176336582971	437.142385726322	387.222302541767	452.427326744225	388.714212807969	421.517931408993	450.195535804382
Sobic.002G422000	152.187349632099	174.377316658029	294.483822672242	258.756095125745	231.848879185653	154.072979913262	162.16799659087	194.918014402158
Sobic.001G151800	141.712059766009	104.860281888389	166.683107866404	174.826033731308	212.528139253515	124.888313652161	96.2388582397159	101.912704182363
Sobic.003G034300	1737.66225164256	2454.38885579746	1679.03300328349	1132.08823536861	579.622197964132	810.434764812525	967.271135962779	828.671102381996
Sobic.004G203600	3598.81485726826	2828.51759179766	4002.45979259174	2913.1840232484	2985.05431951528	2451.2208182024	2382.99994187424	2673.86320558959
Sobic.001G110000	232.959342561529	326.772328279068	184.412877292494	312.917490413392	172.276597728228	442.649587884261	550.793882776302	535.942099999577
Sobic.009G116200	1.8636835338109	2.66995539770631	1.71982956789928	7.5158252463455	8.05030830505739	3.94995748747453	3.0475509188554	10.0388956896999
Sobic.006G180700	561.897826856153	644.938402555451	648.247332826397	649.747896530741	561.911519693006	524.395712719766	472.010080471022	468.922866978002
Sobic.005G042700	24.8532000487765	4.74253702101482	15.0054797896455	8.45388385956276	9.66036996606887	6.26681086446263	5.82095644746519	9.79036220330182
Sobic.004G067700	946.152187124056	867.362765314138	859.908203965058	875.938151125937	888.754036878336	1004.35594914286	934.842198145848	915.000630790536
Sobic.001G227400	2528.84821520567	2629.7274252491	2149.26065452741	2241.51378883159	2510.0861295169	1869.20269274167	1946.77153589271	2032.34177271613
Sobic.007G126400	10692.9818439011	7702.45583220074	11574.742371254	8676.59113844768	7026.30908865409	8920.03654873615	7141.95749657455	7232.89552559463
Sobic.007G178100	152.103374859378	190.433502218435	230.162434547795	233.246946785843	188.377214338343	282.9237151342	198.229852772031	142.419540057881
Sobic.001G109100	75.5178632490219	269.496366320385	148.558442288286	242.593141284904	115.924439592826	345.546043591268	319.131892259285	191.940440821375
Sobic.003G183800	0.465920883452727	10.9724329489962	6.55706890297574	1.40162621353095	0	0.565721843749593	0.986060019332227	1.88271881415875
Sobic.007G166400	447.433001581258	409.986924139078	439.227090620676	451.597003035382	434.716648473099	508.129478811266	554.265288504231	587.001206600733
Sobic.008G169400	121.607240181101	166.757270287529	191.279361172232	172.253127078051	230.238817524641	209.580616450028	279.577261051953	312.624257464006
Sobic.010G147700	32.0407377879033	34.039140047449	63.3341395882473	79.7712157853771	75.6728980675395	137.737498452013	104.949174590312	68.4159023888654
Sobic.003G254900	143.224393551356	49.2053404752857	42.7885777609655	86.9328587141192	80.5030830505739	175.133101234372	202.479511195547	159.260602694099
Sobic.006G240700	625.166973351389	574.202318120902	659.508102433369	515.602396091167	376.754428676686	456.470268595984	511.779093112756	567.500474821791
Sobic.001G427600	9.49614846321016	26.0778780865536	18.2140314896698	7.55510641543533	4.83018498303444	6.75703969916173	5.25598231725332	0
Sobic.003G220700	1135.32145478112	1161.8759238109	1077.00485254718	944.391839392987	917.735146776543	1267.90690332928	979.238208160472	943.400309625506
Sobic.006G228000	2.89488754438431	0.88998513256877	5.11827793526056	8.57008390814504	8.05030830505739	3.42862582736195	13.9366628964038	14.209880700512
Sobic.002G430000	2269.16285028679	2660.1463624584	2769.11601747178	2767.72369847213	3334.43769995477	3615.34174970429	3417.38687089473	3205.84713619165
Sobic.001G093200	205.591451391439	479.348619806117	83.9239185855231	104.068917883691	37.031418203264	237.817695884498	110.461875557498	124.835848321694
Sobic.009G230500	253.420939537508	131.82814510751	190.075352468813	217.293502333258	217.35832423655	371.19324769935	351.282659938868	226.76696807336
Sobic.003G067500	2199.96859984622	1189.87958485925	1603.41895323002	1678.23036082918	1558.53968785911	2033.73379682595	2564.29993802616	2285.30526080448
Sobic.003G444900	11.2887039634334	24.297907821416	25.3510901147575	25.7491220288532	16.1006166101148	28.2794856768336	43.9912296116315	38.6266536330937
Sobic.001G259600	254.983333496356	538.553322621098	92.2923981566103	337.285814520119	43.4716648473099	716.120966617502	782.712616376976	252.785420568298
Sobic.003G129600	1005.05790156994	752.919214954443	1254.5586035138	1004.39278333358	916.125085115531	545.281033397941	570.47582707163	726.70804498206
Sobic.001G243800	22.1406276906412	9.47292298397373	19.9376674583904	21.428043339678	17.7106782711263	49.1051109536996	37.6219106757781	43.7353359379067
Sobic.004G115600	24.8194750094561	13.3254748724198	38.9618526463494	21.7365405869914	24.1509249151722	8.49540347459662	10.2120508290877	13.2104562177051
Sobic.010G209200	47.7095660941205	93.3026262230504	30.3151322914355	141.523470809052	12.8804932880918	359.668068862717	212.3310193359	38.2609768437314
Sobic.009G230700	997.557578819037	1016.59980728558	1188.92641408259	1454.01310401481	1001.45835314914	2017.21197221438	1738.87218056717	1222.75960391928
Sobic.004G267600	196.989360022328	284.57750934183	306.484544964923	264.080321198922	320.402270541284	368.070912801062	363.312370718891	336.626968844253
Sobic.010G229000	1917.38795564398	1497.69490207715	3058.67456712987	1633.32241348286	2035.11793951851	2525.96420514941	2255.90805887881	2592.40492067063
Sobic.004G188000	247.243548929142	344.426218233774	226.088078046639	316.975778988889	132.025056202941	322.604947004621	187.343721344369	146.944423454019
Sobic.010G191100	42.1723909746751	60.7508450825679	29.4352479877988	34.4337625268932	27.3710482371951	44.7497775350099	38.5565055726607	11.1885201111632
Sobic.006G206000	644.904953862905	550.317546273386	450.947389503304	649.539285744459	275.320544032963	1627.18531337462	1704.85449167436	940.627998513189
Sobic.008G166050	30.9292369595555	41.4759345822818	29.1532659280177	26.4892163047085	25.7609865761837	26.1712958598071	51.2003467381546	43.7666517596279
Sobic.001G333700	3.84313861237666	24.8952815958138	4.8052206924103	3.38868721458872	6.44024664404591	10.7628189585614	6.73507234625166	9.21163643809559
Sobic.003G438900	1613.83013667523	1859.45809679135	1707.77008650176	1650.88797821553	1809.7093069769	1955.08235870966	1841.00668468035	1917.56946838591
Sobic.002G016300	1071.62732527158	518.5473767078	874.822509259423	813.525355827479	700.376822539993	792.446508003665	863.511135779506	712.538323224685
Sobic.008G174100	2.9614311858785	11.8381159654532	13.8705539390095	20.6070065043867	35.4213565422525	17.0708280672101	38.8154613818873	51.2279727185077
Sobic.010G125500	978.308811849707	933.252042769367	899.398995686746	947.059573037748	1015.14387726774	1049.00457677561	967.683378221757	937.61543186081
Sobic.006G162800	681.628792069583	611.666751095182	597.249536145977	575.31587597442	486.238621625467	737.752255249603	851.265958164847	842.098442787834
Sobic.003G410400	546.77485909191	888.978566679792	618.872151588376	709.859899370214	552.251149726937	766.994558633808	682.691844998086	576.330320639383
Sobic.002G055000	216.989095748341	239.053619977379	232.592539203947	233.723818020003	232.653910016159	281.386301578135	214.34002187831	259.682449488519
Sobic.004G256500	3457.71242023062	4094.77333772132	3602.15324005149	3609.22921263507	4178.11001032479	4847.55278992812	4319.45243515297	4620.0368790336
Sobic.004G040700	257.547683847089	166.440356813246	233.380342508323	230.877260743907	215.748262575538	166.614024721929	146.397062101707	140.502241187804
Sobic.006G022000	64.9293425699909	114.296751698194	83.5395188507632	85.8210628099764	66.0125281014706	89.5627999216866	85.701196897933	125.439477523025
Sobic.008G057000	614.649402126319	708.444260442117	501.518215278798	571.463210294846	587.67250626919	739.813989896963	652.235252824789	648.276303689734
Sobic.001G293600	61.6916039003055	58.9587237593745	63.9150727699562	69.6125497057036	46.6917881693329	107.866208163013	123.965243533649	96.2413141614734
Sobic.001G328500	1186.67656905563	847.902631048524	951.920879701012	749.403217957437	671.395712641787	1328.3137171111	1126.66735722202	948.795520669282
Sobic.006G009100	11.6132752168576	5.32775973735674	13.6078995903676	13.2053269832644	8.05030830505739	15.3457516499988	10.3332229127892	11.9216145038586
Sobic.006G280200	834.078383007438	1132.9458244558	1001.38335775592	865.189360813797	1117.38279274197	1145.25447719566	941.291652473797	926.700416767469
Sobic.001G293400	9.85353831880812	2.0725816233085	2.93131950066155	5.22026699797435	0	5.6814177835877	16.0186327940232	17.1888341249939
Sobic.003G377900	1252.03133559886	1441.73618421265	1416.41126417311	1651.48940286977	1642.26289423171	1745.42093886975	1633.91702044336	1522.84994848789
Sobic.004G158200	2312.84726490831	2942.73585460091	2253.80153509319	2165.31188331517	2338.61456261917	2319.1982429401	2087.08970198487	2068.66305060975
Sobic.002G430900	262.557042020314	297.354214672076	328.70237573272	318.305224702094	325.232455524319	313.545515366698	354.686071091696	387.555446140085
Sobic.009G110500	39.5182153039872	17.4827891770926	24.4031979902341	28.1276771600194	38.6414798642755	41.0281548446223	81.8630110311835	64.5869967577707
Sobic.006G137500	58.2313755323038	51.2657710405383	76.7015754823365	52.0010928271098	33.811294881241	171.748865590647	178.379138626825	109.134046426256
Sobic.006G188900	277.214522786005	292.026454934719	382.565095979477	307.708231794782	164.226289423171	526.409143307155	701.764120070721	463.00497263469
Sobic.004G228100	201.52028290841	43.2316027313076	215.269672153229	127.437493361448	156.981011948619	131.697794177081	131.220679781338	151.019176701333
Sobic.005G047300	617.434789019069	1122.54744912991	634.198078106931	936.828077948562	532.930409794799	1631.0449048977	1030.88388213508	725.550277607912
Sobic.010G002400	619.039717083429	572.483103146045	736.703259945454	769.100331608211	716.477439150108	729.007219310428	668.644520637997	724.613477382623
Sobic.002G296100	794.538446152751	806.246402525064	803.997128834068	706.826364072776	945.106195013738	579.171113545266	492.4152686077	591.067622470381
Sobic.010G224300	1080.80242954376	1320.20920596657	942.493961348517	983.780846453126	920.955270098566	1119.14077783295	911.502081362983	949.645063918128
Sobic.009G168900	0.740357796469623	0	1.21148993276227	3.19515742184218	3.22012332202296	5.70932866955026	13.8503442933283	6.15468264131995
Sobic.002G204800	40.3706666902649	90.3279084091172	20.4057397846871	53.3614685149664	3.22012332202296	127.071470169994	55.1264814049584	15.5589261829388
Sobic.004G256200	1058.64303039985	687.511876222082	1209.25160161476	969.62218622291	1147.16893347068	586.871785396918	610.436153438406	828.727750705416
Sobic.003G427100	979.454534788908	1074.08430916087	1133.08512279378	1160.14989610793	1228.47704735176	1327.04431171322	1238.2874927701	1391.63702724176
Sobic.002G386000	546.87378428289	1360.22831902708	196.549155385183	355.589001356007	220.578447558573	417.994043315245	600.854074934398	477.993116244169
Sobic.004G290800	1212.91711352224	708.127346967834	1262.56518995091	928.932585394209	858.162865319118	1267.00991506003	1505.66624177091	1716.7881365343
Sobic.002G001700	18.2392077838105	12.1550294397359	29.8476958296704	12.4267732676628	6.44024664404591	2.85147239532423	1.74720261157452	0.750890996408867
Sobic.007G193500	35.6523333107703	32.5760832565941	16.3031976601036	13.2838893214441	12.8804932880918	14.2225476113369	13.6140329335948	11.2894989275123
Sobic.006G244800	4955.72298550753	4809.16506186164	4870.80223527708	4553.51558281939	4249.7577542398	3571.45185162631	3913.40347704203	4226.34349429977
Sobic.009G016633	1605.95131656645	502.77066548268	1340.46487533311	973.483174582736	1098.06205280983	1241.65346378034	1313.96038314615	1364.59485204661
Sobic.003G044900	1350.98852482407	1433.65143974154	1365.02640682765	1055.48872497284	912.904961793508	2536.49868986174	2231.36851676963	1853.64457070295
Sobic.004G277300	91.9644001396156	59.2513351175455	84.5839386330837	83.3607433900304	78.8930213895624	169.025738668592	180.866261441954	135.819656834679
Sobic.002G174200	70.6936549664792	80.5745251250283	88.3159121111979	157.525539288058	101.433884643723	187.944279729488	191.142729815216	148.590604579562
Sobic.003G227600	11.4637786327824	27.5530859354643	19.5296618818717	22.2393893563949	19.3207399321377	15.8195011870235	52.4325465732653	43.9905746848724
Sobic.001G398800	1404.92210551137	2017.61420264038	1436.64140132217	1487.92096686729	1804.87912199387	2114.03927207198	1787.57515976181	1571.25118663767
Sobic.001G165000	37.4967728390609	34.3560535217317	19.0484268942495	36.6151750500411	54.7420964743903	53.42459751409	35.1741156598635	47.7125919968139
Sobic.005G143400	1682.11556074182	1457.21929811477	1673.88787638151	1834.6766816935	1907.9230682986	1405.83782737364	1337.6570388332	1489.78302367396
Sobic.002G357800	89.1197623286321	115.259643179099	54.8958642869457	74.4684477360541	20.9308015931492	114.745175831514	105.930016900464	44.059333224864
Sobic.008G078100	640.425275157814	747.153031162245	591.061840283757	563.936050771239	669.785650980775	797.0910525122	727.396254728004	697.057513496837
Sobic.002G116600	2.05058311215333	1.77997026513754	0.635306611471637	0.623483362601223	3.22012332202296	3.97467643398619	2.43334882548784	1.25060323781235
Sobic.001G508600	0	1.77997026513754	3.19444557910192	4.05063001693616	0	3.94995748747453	9.50847787486145	3.90882360953358
Sobic.009G238200	196.699178479111	112.577536723336	106.975497005335	186.735096103808	88.5533913556313	205.16795629256	173.891003392179	128.281967620604
Sobic.001G421900	4175.80493305937	5736.75420483229	4665.75837884644	4180.71272042485	4190.99050361288	5735.55067084811	4328.83087100237	4447.13011569558
Sobic.003G041600	22.9265354354247	8.58293785140496	35.9913734311775	26.6875915067422	27.3710482371951	37.0255675246735	70.2271309439225	71.7521952250434
Sobic.009G133400	181.965933081379	189.494912853643	173.922387469304	188.775889535043	159.396104440136	180.950888216146	259.382407723661	288.328218159204
Sobic.010G180600	974.807549248717	1100.80717928922	964.857791096755	1093.93341738877	661.735342675718	1271.70563875126	1063.8005798687	720.102010229538
Sobic.003G226600	9.97847864774975	18.0680118934346	8.89809896142421	12.8138328531559	4.83018498303444	39.2517847644522	48.0588789319557	28.1890245183394
Sobic.010G002900	0	2.36519298147947	1.7876732540529	0	1.61006166101148	1.11496438982474	2.6120905472053	0
Sobic.002G282000	1.94663647639197	4.14516324661701	4.77811604489545	4.05063001693616	3.22012332202296	4.6172274563018	5.23855557694035	2.00149423422121
Sobic.006G148000	86.9779007402242	231.885134684605	88.2954442432953	261.5713998159	56.3521581354018	274.573811412655	312.506454648297	130.952694058824
Sobic.004G331300	0.465920883452727	0	10.8713907521943	4.59719450004495	6.44024664404591	13.0897677543221	20.8217279993134	14.3108595168611
Sobic.007G051800	1897.67040512716	4287.09419779774	504.5214953349	2078.08008122945	144.905549491033	2876.63773595039	2140.59854340426	718.279801166769
Sobic.005G004000	15.5439511639088	41.4759345822818	16.1578464322267	10.8280044461136	19.3207399321377	15.7769667733218	24.2585635844465	7.14993843529398
Sobic.004G094600	0.465920883452727	3.85255188844604	11.5653489240484	20.3758390012376	22.5408632541607	16.4529959914062	29.500099711273	15.71847665077
Sobic.010G190400	50.8835381302483	26.0657270284977	52.5256785270553	46.6297791560788	27.3710482371951	63.0102464319997	74.2433151417972	80.9187792296647
Sobic.001G225800	0	0	0	0.700813106765473	0	2.27751090273741	4.49483972501102	2.38924501300246
Sobic.001G455250	2.15452974791469	4.74253702101482	13.8889381905517	12.6215356544248	6.44024664404591	7.89991497494905	11.4487966906832	18.988370726517
Sobic.002G044000	2289.14092343797	2050.54414552785	1858.13350816208	2067.57281235552	1984.40099719665	2105.32897949735	2474.56270771243	2511.77166495125
Sobic.001G482800	214.356567461447	1031.08456249745	104.387641503628	326.923431997678	16.1006166101148	579.986596403982	615.131861526415	122.916237659553
Sobic.010G092801	13.975698236295	10.9602818909403	11.0487606227373	12.6207139250812	19.3207399321377	18.7071241171475	14.0926884607312	30.165908191407
Sobic.010G269700	4.65462444243386	10.3629081165425	14.674038295253	4.12795976110041	0	2.28894249102554	3.31566350143159	1.51957859653112
Sobic.009G148100	72.3849199557478	162.612107040911	85.2613994725896	192.483282710311	46.6917881693329	437.865786018211	374.64325571983	108.016465488976
Sobic.009G049800	100.4849697619	91.5348070159687	63.0703776452754	52.1233708789948	25.7609865761837	54.1626164590821	60.1854801616919	59.601258561853
Sobic.004G308900	19.4691362817198	67.2490502526085	4.60121790415093	29.1726558679163	3.22012332202296	63.9298279122615	47.5780579534227	5.69056360734324
Sobic.009G116900	1931.03225275493	2491.26084482149	2310.77802284104	2028.47356571674	2345.05480926322	2291.91569385129	1989.94731366804	1677.40228940679
Sobic.001G102300	2927.05592840985	2755.76311251864	3927.76511944733	3275.00350460551	2812.77772178705	3975.54312561588	3885.01445043327	3371.41928565767
Sobic.003G182300	1194.68328117468	1363.55016822038	1269.85716597214	1202.02324584542	1233.30723233479	1288.55178263997	1200.60272303923	1393.59461488463
Sobic.006G249100	35.6923924298441	27.2240214031256	37.4238352143459	17.2179084251262	14.4905549491033	17.0612522488574	19.4607577962333	14.4542454980772
Sobic.004G327100	362.129350834195	227.800726728267	388.418346157862	416.650363990941	463.697758371306	366.353920651	402.519074082279	387.646659940554
Sobic.006G100400	0.84430443223098	6.81511864432332	7.9313508555601	1.40162621353095	1.61006166101148	1.11496438982474	1.94031881582173	3.52107283075234
Sobic.003G131100	88.3065268109149	108.383769244496	128.110876545031	116.122841895825	93.3835763386658	68.5640609744825	97.0916805600078	112.855444772608
Sobic.002G341100	582.695589208563	543.162198003498	585.760619731755	465.585077347741	579.622197964132	446.000284410935	392.708445242704	384.856743595566
Sobic.004G312300	1410.91051738156	1065.48922025141	1443.06625434785	1245.65351459918	1118.99285440298	1011.92602832223	959.096614529951	988.168378955312
Sobic.010G228700	1018.05586191204	925.211798931108	976.183980616022	868.663943027229	995.018106505094	1031.45342628575	965.489232948424	1090.55916356307
Sobic.010G180800	458.015782895282	694.095138798514	648.698993619612	458.076995626731	500.72917657457	368.892590067011	363.132813898684	277.419438659287
Sobic.006G149600	96.2689906363451	137.643919096762	205.453923688653	225.347370934724	149.735734474067	501.362947881946	416.511127190268	297.335183600692
Sobic.003G217400	740.318529476533	653.386692803412	825.216960290165	742.386373764899	793.760398878659	749.361335541462	758.061012764533	866.593617664553
Sobic.002G198300	1460.34623268795	1389.88420449094	1756.07016219709	1518.9115492802	1903.89791414607	1064.46369937853	1116.68984332067	1237.25827144141
Sobic.004G285600	7.27507507380127	15.3980564957283	45.4826247760391	14.9936019176166	16.1006166101148	10.7399557819852	12.5560287937168	13.4343791429496
Sobic.005G086700	47.7971666154282	8.8877002676318	31.6033504410571	30.775859234081	20.9308015931492	17.0607326484375	24.3971624084609	30.5536589701882
Sobic.006G191800	9.20071785701296	6.81511864432332	20.4509210886787	21.8539732295891	14.4905549491033	15.2556351132093	27.8763780505908	32.2343114547761
Sobic.008G095150	2.62045063136741	12.1550294397359	16.1545117612039	2.0639798805502	1.61006166101148	0	1.16480174104968	0
Sobic.001G261501	4083.37066462802	3741.38454094193	4756.81577277459	4553.42774404062	5429.12792093071	4915.32759921593	4878.94541007464	4636.48610607332
Sobic.004G206200	924.317740912105	870.496432847627	936.805279211247	983.725667368692	1239.74747897884	725.983449813861	869.438160412586	1226.53506602982
Sobic.002G339900	24.5240444032589	41.1833232241109	22.868986959052	42.0686638745237	27.3710482371951	86.8027802326675	89.310741397114	59.3653398388265
Sobic.002G383300	1300.80148811704	1314.85106858407	1172.39780977052	1158.67417114878	1007.89859979319	1028.70690987888	980.216012187873	994.18801299308
Sobic.009G229200	711.155108189507	565.363222085494	661.79728184578	646.158065091536	613.433492845373	456.744032777548	442.16538501766	496.226570861972
Sobic.009G195900	3663.6999611774	5476.80169591456	3529.35188927026	3547.19665254116	2774.13624192278	4650.86628337291	3855.77042655566	3054.41187488189
Sobic.003G362800	7.73641156516061	23.9931454051891	14.6424913823853	17.9187215318916	20.9308015931492	58.6275150199425	53.309571832132	22.6842540570792
Sobic.004G354700	533.023935980471	451.530182523083	733.619024597641	415.152341262321	371.924243693652	294.14765745897	323.856802400186	379.114925176973
Sobic.004G252800	15.7610132196183	6.81511864432332	27.6873703127877	11.1421688320578	4.83018498303444	4.0204027871387	14.882580018033	11.17753746489
Sobic.002G214800	401.66558777339	655.62380669289	186.489497655406	404.500172557184	127.194871219907	359.153235751291	249.218977895414	148.653236223004
Sobic.009G030100	3203.96430777546	2188.16737312545	3807.73198590437	3202.63226308868	2849.80913999032	3840.44797006141	3347.575017818	3362.57995578828
Sobic.010G181600	4666.69177421251	3534.05445822757	4783.61956347804	4757.29932379879	5262.48653901602	4282.5963893619	4931.54449796445	5571.3738840654
Sobic.006G008800	390.802819741242	942.512322237363	442.260741997049	751.261378137633	417.005970201973	1028.71593276493	664.987876014937	463.797883995971
Sobic.004G123200	9.05122127293771	21.9084127238248	8.37184680454348	4.05063001693616	12.8804932880918	1.14287527578732	4.1631246967494	2.75238523063008
Sobic.003G375500	893.451715818077	966.699884571446	909.341887150423	820.253262437545	960.401780793347	893.072195834073	895.865957036976	972.148087703877
Sobic.002G029900	475.413902629835	687.877393928587	598.637124220219	548.281001882721	582.842321286155	642.480221118773	500.096179380168	486.966324881234
Sobic.008G087200	714.225682867767	1115.8042508691	532.125967956782	572.433650344507	602.163061218293	536.973508708409	518.975358391882	563.631012368677
Sobic.002G367200	92.1449656382047	154.943456438187	100.922961336675	151.069554875369	167.446412745194	333.201117216503	357.183973889636	355.053321776543
Sobic.003G429700	3001.82111188187	2544.56734089296	2767.29696163681	2654.94088151284	2279.84731199225	2237.96324609083	2181.16512554451	2131.12290304642
Sobic.003G037900	1323.98433307005	1262.87807126423	1417.82334167552	1480.10893721877	1503.79759138472	1115.19146811724	1078.96073448199	1174.09567360574
Sobic.004G313900	4.01821328172559	3.25517811404824	1.66070627771827	3.38868721458872	3.22012332202296	2.85466433477514	0	1.50178199281773
Sobic.001G463900	38.5662862810481	28.735682426204	47.0255562031939	47.9128250997711	17.7106782711263	35.2470447058923	37.9589151211168	23.7464188802012
Sobic.010G052500	459.002609680235	412.065088309	396.435957513552	320.896387428605	280.150729015997	284.444878732161	253.166133802249	312.223932523425
Sobic.007G080500	66.2268365395344	37.61123163578	96.8015632307506	110.285580403224	66.0125281014706	85.0000580677944	87.2348043071641	87.8624826465549
Sobic.001G196500	1828.28821738475	2530.95122659202	2114.45319465168	1964.73140028348	2374.84094999193	2072.98735289349	2248.27008705485	2476.75786486956
Sobic.001G204400	3.46475506359839	0.88998513256877	6.76107169123511	5.49112653488514	11.2704316270804	12.5272378500235	11.6911408580861	12.4213267452621
Sobic.001G259700	435.183058246392	849.343357652927	145.87183205209	560.342231684637	38.6414798642755	1060.2009598615	1244.37321384535	321.433909350692
Sobic.004G235600	252.494703992837	125.878709479644	278.000359637938	292.699101986411	236.679064168687	298.958182715331	370.948470113927	358.52422842878
Sobic.005G203800	2348.55143681029	1758.64379775547	1988.68553673534	1747.78729776197	1988.42615134918	1608.34510552924	1307.89275162849	1221.70329488954
Sobic.001G507400	1676.02068632787	1381.89305786732	1745.67471971743	1608.37434672812	1634.21258592665	1331.23644458145	1472.27485819892	1467.59349811487
Sobic.002G307800	1601.97156287024	1502.51231737616	1517.91154545315	1265.17725288948	1428.12469331718	849.639992963653	731.513208152088	869.396170737708
Sobic.002G008600	0.740357796469623	0	0	0	1.61006166101148	0.55748219491237	2.15086176038191	2.26365563549976
Sobic.004G007133	483.012362390831	859.536150956687	493.941471041192	433.958753876802	442.766956778157	366.89841916419	379.703396693297	299.59919282054
Sobic.003G005100	943.723157276491	585.296261650458	974.29952534594	799.072892185463	803.420768844728	836.019128913673	885.979660136377	1023.90049192181
Sobic.007G156700	148.448874532731	351.326394284488	72.633718244477	285.089137576903	22.5408632541607	695.178555626991	691.948826222591	135.191641851864
Sobic.007G092600	766.335471540978	680.51350574209	1094.21228269088	756.173069372359	735.798179082246	828.628985839211	774.674927142909	763.681812229043
Sobic.002G134200	1098.405231657	1383.16629431107	1138.36808121889	1034.05790932398	1052.98032630151	1335.9640469553	1091.95637783522	941.096416704686
Sobic.006G233500	1684.6027426473	923.918856953035	1672.32577037947	1192.20296310398	975.697366572956	1073.06820250471	1149.0471011505	1199.91556150685
Sobic.002G313800	1032.24746302036	1369.98761810015	956.47541531251	1108.21413515979	809.861015488774	1537.76392310183	1576.56187518684	1109.8926256301
Sobic.002G225100	2534.96369846648	1988.47408442144	2216.83470062398	2164.66742966602	1985.20602802715	1711.85703297596	1889.66131654992	1714.82426753244
Sobic.007G003000	9.3046644927743	6.81511864432332	8.82978354547211	0	4.83018498303444	2.23816842848671	3.75946554794201	4.53412522843975
Sobic.003G119000	2883.3562997114	3148.37102445651	2857.53570194394	2459.73719538806	2849.80913999032	3264.65030108466	2863.0853987003	2784.53005575847
Sobic.008G179800	81.0057582588465	39.4276550750851	56.5370787187917	33.734592878815	38.6414798642755	41.8100443728316	56.8524616278444	79.0691170511981
Sobic.009G129600	1792.20723981152	1742.71618426948	1648.73217955694	1484.88624145923	1614.89184599451	1745.01054531074	1564.64965982422	1469.78310467317
Sobic.003G102200	487.73506577871	866.045521219954	139.417796014223	548.960204287894	66.0125281014706	1374.7018361449	759.140648577931	417.669501048418
Sobic.004G212000	668.204714657835	654.258944331311	684.365541661609	598.937572810626	623.093862811442	592.478675414414	523.21741853113	473.267146454323
Sobic.001G350900	4123.34689037392	4878.0614067056	3329.09892357689	2927.45504081248	3062.33727924383	2856.29000878988	2750.17718859644	2493.67264496343
Sobic.003G329500	106.625916019507	133.303352956421	130.508166952436	101.27018496802	127.194871219907	129.106764980069	121.890264957982	122.95291211379
Sobic.006G231500	847.188719931689	657.946963953588	786.202038505549	895.040999336268	895.194283522382	703.570332109877	928.066570123304	978.012064527506
Sobic.002G423300	3.63524534085393	2.0725816233085	5.15948870369784	3.27248716600643	3.22012332202296	4.54039827773578	6.61390026255021	5.52256706497355
Sobic.009G050600	738.258406881926	294.379496858143	788.968075765097	581.813973482211	674.61583596381	376.528329990776	405.781570556385	533.029580215181
Sobic.003G113900	54.0601031045496	50.0588724336869	70.8080254326772	58.7383643578538	38.6414798642755	56.5462035958636	63.0615124540433	61.9184127053657
Sobic.009G155050	161.537858045807	192.737939909635	217.887442006842	100.185514226361	152.95585779609	185.644134989744	166.883951107079	237.428194022741
Sobic.001G094800	476.767922716036	529.232780845238	656.583935664318	629.712917436523	736.603209912751	662.825119042361	729.583838926768	534.971138730041
Sobic.001G244600	50885.0828537321	47348.6595396275	47227.476222492	42845.838470032	46070.3043681824	37170.6017199683	34121.3109331431	35120.667637728
Sobic.003G117800	2345.33704203085	2429.32543131853	2343.80075820321	2128.92465175433	2405.43212155115	1956.88091411306	1807.63450681052	1739.54074755953
Sobic.003G379400	598.087884735123	428.986956885863	665.851869948646	676.577432784331	710.037192506062	934.942765782483	740.448287093756	801.103804933567
Sobic.003G350100	111.027825099623	90.6448218833997	91.7159398026876	106.965764708241	70.842713084505	104.091631754272	70.4922629766123	93.0523208609859
Sobic.005G001600	322.4632732408	445.714408533831	363.832896864367	371.315217018612	391.244983625789	486.809464352904	450.060113103678	416.019355519947
Sobic.001G165801	117.705820274271	107.518086228039	52.0769339118978	39.8544590502604	53.1320348133788	45.4010878065826	30.1635297677963	37.7035974054822
Sobic.002G288000	447.500815588658	396.240758816487	510.992056843315	453.856156167366	495.898991591535	467.485108805129	451.033070297974	522.234720385603
Sobic.001G049800	115.849261864366	181.959923889533	181.045339973469	237.697529157446	325.232455524319	340.780212195045	497.761116753575	504.135043224525
Sobic.006G247700	24.9105749060839	23.7126851050741	46.8990609566577	44.9925508947833	62.7924047794477	50.3009197384617	63.4610724733175	47.790082100391
Sobic.008G149100	49.7100780524997	36.4164840869843	34.7240948792571	33.1491580912882	49.9119114913558	19.2220718983582	17.4227264446926	20.0955879831132
Sobic.003G231800	2054.45674588304	917.176644657045	1668.17944936271	1906.37443940416	1112.55260775893	1458.77861402191	1231.90137150245	967.183585474037
Sobic.003G365600	22.6931794716218	60.165622366226	20.9315202117694	51.2193371609084	8.05030830505739	106.968120064784	62.0803666627335	30.5374944835732
Sobic.004G327400	2309.44056035317	1821.88331832973	2091.9665682615	1849.44945062819	1775.89801209566	1726.07624035303	1599.36396875806	1747.21892521281
Sobic.010G223700	1475.67009753181	1467.59337132454	1234.61443173765	1182.50625132342	1305.76000708031	1031.12212614932	937.211442570373	1112.18904669033
Sobic.007G195400	1466.63625518374	1647.42094426532	1436.36986023071	1506.83127935154	1611.67172267249	1716.99864915266	1607.04645199464	1683.66930592484
Sobic.006G025000	100.559775750434	141.569377333544	117.714699190977	122.549646822672	141.68542616901	163.736794179253	208.821431519249	186.329686495598
Sobic.001G327900	109.869024635302	21.9084127238248	102.963317488734	103.086384730854	99.8238229827117	77.9965644278552	79.3493047023925	90.1794193963223
Sobic.005G002300	17.9820866090272	37.2943181614972	26.3760180512056	34.6722406273605	30.5911715592181	10.7202845448598	18.3595585008691	19.560282534283
Sobic.003G285500	44.9787193542448	22.2253261981075	73.5981077013487	85.1899429521597	53.1320348133788	119.777658713884	174.856871245003	120.957436079245
Sobic.007G073900	93.5309033795693	133.547360082368	93.5533800864173	143.244084754469	119.144562914849	140.432633443349	153.269318198685	165.039421657547
Sobic.004G100700	12.5989292791172	34.9534272961295	5.5316692367291	8.17900064270837	9.66036996606887	4.5074396823869	7.00318492882785	2.88895725440594
Sobic.001G068301	7074.90132050119	3036.31696919441	8925.42019879598	6437.15644545521	9657.14984274685	7647.26268584727	5666.85868088775	7977.51598359305
Sobic.006G170100	22.8098574535233	30.8082640495125	21.8847980612426	29.839444079551	14.4905549491033	71.027669229281	62.1485868428008	37.1165342626101
Sobic.003G107500	2239.73639146425	2553.7729405997	2206.40917087132	2138.88601926164	2125.28139253515	2273.49005434317	1794.23547716504	1736.11667642032
Sobic.003G286400	0	2.96256675587728	2.37304870111465	9.93407241127339	1.61006166101148	14.1749654882489	6.61390026255021	4.2719638271612
Sobic.005G111200	9229.22957365125	6270.64872863157	8904.6732340081	6418.89591954	5393.70656438845	10505.273292379	8067.67583298692	8227.10302913374
Sobic.003G049400	563.249661785901	741.885040750338	441.722212977375	434.933876386801	346.163257117468	429.019876557015	362.374658843845	408.451873904376
Sobic.009G133500	4913.2103637964	4262.21763577142	4361.33203875302	3384.87332779964	3754.66379347877	3122.40086846632	2829.44640086793	3009.72824708175
Sobic.002G421800	3.16932445740121	12.1550294397359	8.56712919683022	6.19152877697878	35.4213565422525	22.0735442936825	40.5770384759915	17.1532409175671
Sobic.003G373000	25.1149056156533	58.3491989269208	124.312166975093	123.602346992559	54.7420964743903	188.473851038438	225.81114288776	127.715856618769
Sobic.002G165600	22.0075404076528	10.6555194747135	13.4717404882618	10.7879015476801	14.4905549491033	6.27185857384896	12.4522834503284	7.54867186034839
Sobic.007G151800	37.3764169022127	78.1728789693812	43.5277172368113	48.7302491197907	20.9308015931492	85.7925559073713	75.4717910364295	52.5158012808451
Sobic.002G375400	194.651493258024	208.221053811755	226.091943628311	202.877202876506	227.018694202618	186.404490803067	151.07600467341	146.436499971649
Sobic.004G164500	129.172982889379	43.8532786218172	123.389964308689	78.8481892314678	67.6225897624821	117.979167689302	157.818747011826	161.841727148162
Sobic.006G188800	234.335793026801	324.602538191313	293.867339479678	244.284334813355	228.62875586363	241.988052196723	256.412090342428	268.007476705592
Sobic.005G064600	706.438793341958	506.415663419346	385.131761949482	489.636086989679	243.119310812733	1046.64679883525	857.555864136648	614.082962374998
Sobic.005G059100	2593.02588598527	3325.35245165777	2694.43129593106	2659.19895133124	3129.95986900631	3090.24047388993	2799.27013729586	3177.67781768626
Sobic.007G004200	551.465430813571	482.350597630651	614.964616823447	510.390913215649	523.270039828731	417.594012062092	418.780794434297	572.77595717137
Sobic.001G241600	8.75579066674052	12.728101098022	5.35429936618609	8.10126003387231	6.44024664404591	11.3450200999854	20.0809926972703	17.4687921299858
Sobic.004G325600	1796.44217995025	1899.54289496628	1364.50295684926	1524.52905312532	1751.74708718049	1816.60725649456	1608.78793494176	1585.1581033954
Sobic.001G113200	4336.47247153498	3783.74947469194	4422.84358916179	3889.75082480508	4210.31124354502	4148.48507959577	3758.38122861826	4005.73618522522
Sobic.006G172900	560.028831072729	541.08961638019	899.954501232368	745.438701807121	792.150337217647	908.288792339058	890.676694143571	953.635655016943
Sobic.002G291066	494.229630504519	304.632059487352	406.828668624283	404.556580949024	231.848879185653	576.400897269242	560.301760676365	513.896558082539
Sobic.009G109700	965.009111340949	898.779568231275	805.924603456315	781.003959679058	805.030830505739	906.160668027161	1310.08534272572	1244.63100190363
Sobic.009G191600	467.767684524156	497.12697823587	413.103722905044	450.977217454827	404.125476913881	432.202129488356	392.806901169016	464.143945025464
Sobic.005G196900	1273.687505645	1004.28681409111	1391.92993245253	1282.4784840953	1263.89840389401	1475.66239999663	1412.47046013146	1673.51211186815
Sobic.002G211900	785.965635343146	731.571722830849	830.595390464742	821.992891282131	685.88626759089	688.339085349476	637.216614623193	743.312029306256
Sobic.007G087200	266.143902708421	241.394510842746	398.414019839141	312.530019963227	304.301653931169	220.485797056596	251.171297606194	234.085481415042
Sobic.001G296800	183.999200455299	257.975163829215	246.931981749734	185.136568213381	180.326906033286	161.082040863007	161.68188619526	163.495232499862
Sobic.009G208200	83.627230720354	142.130297933774	86.5970260028955	140.676434375171	127.194871219907	153.228668810306	150.072517913764	163.928035712118
Sobic.004G349400	771.60466471029	710.583672884732	826.694527253975	859.320398728493	937.860917539186	746.715790281399	738.403192712366	824.718587545907
Sobic.009G129000	676.155902852165	1465.82046255326	900.896914368873	1590.67395028103	650.464911048637	2315.56967314138	1440.05005181349	977.105107745145
Sobic.006G218300	0.740357796469623	5.62037109552771	1.21148993276227	2.72592268289764	0	1.14287527578732	0.493030009666113	1.25741719525257
Sobic.007G219500	50.9500817717425	54.179733564192	65.8292412705452	72.3355963358985	67.6225897624821	88.0705864105284	101.418429105353	80.2101867012502
Sobic.010G218500	4268.58264251095	1993.18016826828	7198.04360314146	3863.82311015389	3983.2925493424	3970.54732611257	2437.8277574716	3458.85149598381
Sobic.005G100600	1300.82953020848	681.427792990771	1625.07867069665	1198.50408206224	1824.19986192601	1062.70849160401	1300.2085227292	1744.67541454728
Sobic.009G049500	18.0604551595148	14.5202224212154	8.99796129024401	1.98665013638595	6.44024664404591	2.82860921874796	1.850947954963	2.50802043306492
Sobic.002G203600	283.918887090078	273.312465034663	409.440601697547	372.721773608204	317.182147219261	417.292640671067	338.933170305161	381.062158361065
Sobic.003G269400	66.1803801540739	117.832390112358	89.8913339108172	66.3756459267406	57.9622197964132	67.3470288591603	52.2825538166074	47.7152372654212
Sobic.010G018700	967.091414499488	843.589324918785	1081.7243377061	984.811896602262	1304.1499454193	886.060314060959	1049.4753389263	1122.30905768808
Sobic.005G000800	1712.49343248662	1376.47974774116	1715.66265848783	1798.86288376839	1706.66536067217	1232.36829228666	1276.41575933074	1389.11507679694
Sobic.007G161600	363.366698428632	594.708429344152	432.681736627197	359.905886431689	370.31418203264	348.614567490203	326.260651882505	308.230981645048
Sobic.005G052400	0	0.444992566284385	2.42297986552454	7.1876874144872	0	6.53824019804931	7.52499975750196	7.81764721906715
Sobic.009G195000	677.086121304677	709.382849806909	540.037486808971	647.956852573806	499.119114913558	620.943428458563	687.339221613965	671.882492126043
Sobic.010G158100	60.2556211083468	35.5386500124714	75.0323129433787	63.3809180302913	43.4716648473099	42.6631147250441	78.2012580189605	69.6650199470649
Sobic.004G027800	2687.96462723653	2586.9145410383	2512.56156235397	2232.29596141939	2366.79064168687	2280.36251637611	1796.86173138406	1799.158170608
Sobic.004G279601	11.7546248468862	7.40034136066524	25.9084174547074	17.3336976090366	11.2704316270804	20.3567075253083	23.0361922053808	31.2841080942764
Sobic.004G257400	3440.27788932252	3695.23996165179	3361.36752906354	3322.31453186221	3545.35577754728	2845.88124451018	2649.5017075187	2720.36533198697
Sobic.009G134500	2966.77735134833	2532.65631857916	2892.75258628643	2510.20167454957	2972.17382622719	1836.67594052929	1781.84409198341	2072.16447732595
Sobic.008G149650	22.8446043229837	31.9908605402522	42.0226619070711	23.6410155699259	17.7106782711263	10.8236884398729	19.7985056321644	11.9352424187391
Sobic.010G047100	14.6950623395844	10.3629081165425	9.30229813712164	17.1405786809619	11.2704316270804	27.4074796118349	50.1249158579637	33.2950615545451
Sobic.007G200400	5.66941915192038	3.85255188844604	6.65201723664421	5.99840984890408	6.44024664404591	10.7513873702733	9.45090823684544	12.0650004850747
Sobic.004G344800	4070.49927890953	3566.38653435822	3620.52359306612	3542.47635978082	3057.5070942608	3199.71674077387	3472.85617175447	3393.00842328086
Sobic.010G070600	890.835289320636	916.178285966806	971.726411829687	873.41544905436	999.848291488128	733.265883619711	713.098847994208	689.330617604038
Sobic.001G433000	2936.63149238202	1867.10343124279	3566.81648287508	2530.38809187102	2954.46314795606	2535.91557032851	1735.40100232211	1902.58716332297
Sobic.003G288401	67.1357563459729	246.149198921817	87.5152581337453	185.534162410138	54.7420964743903	239.548717624948	239.953730994342	105.908191632474
Sobic.010G168500	21.7714129260498	52.7166767733373	86.1310047305258	35.9147728079475	41.8616031862984	74.2271436904604	68.57235145099	62.4630686833708
Sobic.010G022400	12.9399098336283	39.6959643171443	31.0921478646958	16.2081872063755	11.2704316270804	10.8757986719272	25.6482827525861	35.7103318520541
Sobic.005G045100	1013.66746424194	942.573077527642	1161.37542618748	1044.35514017221	1181.78525918243	1128.62404864104	1007.01442837987	1015.81441735336
Sobic.003G188400	1293.23378554815	1421.86291397314	1298.78829327457	1237.53322088941	1383.04296680886	1517.83959127829	1345.91398356276	1252.21628012291
Sobic.001G122200	58.19233824337	54.4358917481954	76.9764490327069	63.6938498222201	107.874131287769	53.2036857967447	84.9218841747854	103.975816908518
Sobic.008G016100	1709.93182340787	1880.0016471536	1562.74719359171	1811.32205355124	1896.65263667152	1450.62079993044	1642.66863588343	1877.24193326469
Sobic.004G247800	687.5542338405	745.641370139166	529.816792406267	602.936184853646	666.565527658752	623.156675432269	536.21486879627	552.801537603526
Sobic.007G136500	0	1.77997026513754	1.53373930138364	1.3242964693667	8.05030830505739	4.51248739177321	5.15223697386485	4.38392528978344
Sobic.002G233800	2441.06938708472	1909.06540814731	2878.6727892784	3198.48900017966	2910.99148310875	3326.98900595334	3782.21505571944	3903.51162368814
Sobic.001G105000	136.004331182675	44.1337389219322	71.5595275705839	102.377028432755	98.2137613217002	87.1252467829154	82.6793426863538	69.9337401714253
Sobic.006G278900	9.94566004557598	5.03514837918578	17.4192675293989	13.8672697856118	14.4905549491033	8.99201618819752	12.6597741371053	12.5647127264782
Sobic.003G353000	11.5513159674569	13.3254748724198	24.4609060910196	11.2968283203863	11.2704316270804	11.313917274572	11.7312837557891	7.52406129919475
Sobic.004G012100	4700.26153521593	3682.69461940702	4413.96557322451	4061.29969772263	4044.47489246083	3156.9991640097	3507.64201552403	3621.45777893086
Sobic.001G345900	5.68582845300726	1.77997026513754	1.21148993276227	1.24696672520245	3.22012332202296	2.29718213986277	3.08769381655844	0.506526198843707
Sobic.001G069400	101.082165054047	86.207047278612	81.1656908247847	93.7636396755766	66.0125281014706	115.32069612536	138.10648827484	148.083969683845
Sobic.002G247200	19.200190197943	8.30247755128988	14.437545134529	11.0648390878936	27.3710482371951	11.9386528296976	29.6523296272249	40.5898006944081
Sobic.006G142332	25.3191209322292	7.10773000249428	15.9809482914822	15.6170852802178	28.9811098982066	8.51826665117287	13.071774960773	14.0350702007021
Sobic.003G257200	740.499770626281	1102.63673975141	623.046343799934	805.185639756485	737.408240743257	1010.18366983295	1282.69271194186	1392.0840922783
Sobic.002G203500	296.412515567851	348.766784374115	324.181232604484	331.98348420635	233.458940846664	435.849595339209	228.141245770328	401.795512596008
Sobic.004G070500	746.182458142592	418.587595595153	686.199599981499	619.130657561503	648.854849387626	947.362236968332	648.945869355862	666.572865340041
Sobic.001G029000	59.8380532843247	110.151588451578	61.6859601073229	64.3108443168468	64.4024664404591	119.040766722313	112.465053428413	119.882949367723
Sobic.005G056800	4.30905949582939	10.3507570584866	12.0150369988029	11.4506660793712	14.4905549491033	10.7184287749244	8.85413288379085	3.01454663190863
Sobic.004G088450	2184.7310364277	3040.76229827547	2501.236145326	2861.04491664255	3015.6454910745	2776.0970472335	2886.56468717371	2842.32769309406
Sobic.008G100700	82.0032372300997	71.9794362155674	98.1725105123121	139.307189598084	196.4275226434	177.042128972858	173.584241680601	184.526089902114
Sobic.004G218300	4077.37831528684	4578.41950198217	3788.95822618741	3626.97145285433	3733.73299188562	4277.50076988296	3692.57155950698	3508.24396332322
Sobic.001G482700	759.213320818407	2698.33526233426	570.566179270567	1428.11355543028	317.182147219261	2029.40812660999	1520.52816954709	604.204192017164
Sobic.009G047700	6.49731428306449	17.1780267608659	2.81307292029954	2.72592268289764	0	2.24960001677484	2.73326263090675	3.77225158575772
Sobic.006G163100	73.7088984477119	125.293486763302	144.619184587724	108.43782093329	41.8616031862984	142.256882615283	124.494013830327	91.3513352009498
Sobic.003G091200	16.4757929308142	32.8929967308769	24.2665671583298	23.8017530615571	19.3207399321377	28.4121366273248	8.58602030121466	11.7264708286007
Sobic.001G143100	110.721465041306	274.567967873738	44.3510010339926	161.402213146291	11.2704316270804	212.272762010183	163.988166557654	100.163333759355
Sobic.008G092300	1329.87589574131	1237.20774660495	1423.48073125816	1444.61959846929	1723.57100811279	1479.54507712078	1537.83382655395	1634.04831788477
Sobic.002G121600	3917.02954453817	2702.46219899379	3694.18888659213	3007.07725157319	3531.67025342868	2608.51450596914	2530.39337170847	2803.02209003561
Sobic.004G170700	277.142551501904	235.457226272936	393.368971314983	356.758468403496	296.251345626112	349.956226831099	343.128239640547	385.110785012924
Sobic.004G124300	477.03240529085	484.752243786298	353.523243155042	334.339370782993	379.974551998709	382.299169309193	295.690195584427	281.982343137713
Sobic.001G463100	4487.27012288233	4633.43897775941	3619.93869251262	3856.98313779896	3199.19252042981	4342.94858286939	2820.31064244989	2823.00481248742
Sobic.001G007200	2584.99579350157	1803.98640721391	2795.09309069716	2575.49783447727	3136.40011565036	2205.88042925394	2755.35312739541	3481.59986983895
Sobic.003G332200	732.68764663544	721.293872120697	677.480805102629	727.105880494027	721.307624133142	722.624742977919	698.86688203925	716.106196688807
Sobic.006G142400	893.923127530772	977.368541069046	860.750200283247	977.020388473066	1168.90476589433	1171.7154091817	1228.60591414257	1198.94771084108
Sobic.010G135250	644.060635891661	660.415933910957	741.879936633699	709.241324320329	776.049720607533	608.978963268057	550.553560644502	602.963922744372
Sobic.001G290100	5454.94146402461	6913.05101093024	5618.14259864816	5419.89007247243	6809.75579524805	6291.90281761214	5406.16791967762	5409.73790676675
Sobic.001G450700	1311.03189364169	1996.78772706595	972.807461078989	1601.47878411703	1313.00528455486	2252.89956676078	1667.88651937936	1369.82770919855
Sobic.003G117200	91.9991470090764	56.020459119609	84.5316488196813	97.6215616291097	99.8238229827117	96.2951206743367	97.2598434475712	102.302087078242
Sobic.001G404400	0.84430443223098	2.0725816233085	2.10992262267428	1.3242964693667	3.22012332202296	5.13217523751255	8.76476202293213	7.79303665791354
Sobic.001G300201	1822.19820877134	1267.82766925461	1586.28523542292	1278.85046559918	1141.53371765714	1429.48921805117	1264.8970510138	1367.4501862122
Sobic.005G087600	4.96187995762452	29.0525959004867	7.92215872978899	15.3458148786352	8.05030830505739	4.55182986602391	3.29823676111862	2.7591991880703
Sobic.010G073600	260.113415745956	898.08597195726	505.482832617181	408.120679070716	429.886463490065	900.405916888204	533.595388100971	538.897967947139
Sobic.008G117200	2490.10144045621	2374.98215145299	2481.96008186075	2344.34674836944	2196.12410561966	2484.66065986466	2211.0532103145	2149.32544175034
Sobic.009G164600	0.465920883452727	0	0	1.98706100105777	3.22012332202296	1.13463562695009	1.56846088985707	2.1448802154373
Sobic.007G183100	201.909980451112	252.879260159749	238.36407322804	164.906993379342	159.396104440136	142.168243834996	200.332172226987	174.106115478554
Sobic.009G132800	848.174552573575	670.760122458001	790.110241697443	837.09092604305	1003.06841481015	672.495533111173	808.517370794204	1092.82847070607
Sobic.008G162900	811.306101637673	681.671800116718	802.736234915643	781.948611252843	729.3579324382	669.758400265642	572.992234106236	608.635275024649
Sobic.001G079600	123.229305404069	101.60510377434	222.344173807247	89.0591991829546	132.025056202941	75.0198641617815	95.6201171073803	123.131673908688
Sobic.006G066600	3862.03204894803	3123.72286762119	3043.37617934068	3607.48150146557	2949.63296297303	2696.3949559548	2551.84233549568	2434.08893109684
Sobic.002G189000	582.781621180578	767.416121224376	604.678876550947	772.217740327071	764.779288980452	1115.81600804372	1552.63621612157	1414.79756370087
Sobic.002G235500	26.0047599961982	6.81511864432332	23.4446985505441	15.6612118585949	19.3207399321377	13.601523596082	16.4768093230634	25.2330495379128
Sobic.009G180500	1493.70233909429	926.832819476691	838.158747174607	1260.51988931212	1088.40168284376	1156.01033202904	1250.40984097323	1262.08106548153
Sobic.002G193300	1928.24506524753	2219.03327483071	1952.94114693815	1896.02811850647	2065.70911107773	2033.99080823627	1869.35289383232	1862.84872217261
Sobic.004G209700	987.795854715366	989.632930031283	1072.48897235796	944.909088845948	945.106195013738	803.525871856148	707.919212408191	709.630196908792
Sobic.001G243000	1949.00363625067	3058.1715146195	1160.49208379666	1567.48905029474	1064.25075792859	1701.12140327734	1224.05514463857	1363.52017027109
Sobic.001G176200	987.563902260239	972.27165143475	872.278308974413	882.785629668735	972.477243250933	811.298031751742	716.211416432037	785.343408224901
Sobic.004G067100	2783.7966867441	2425.58421088224	3115.11719166725	2849.3079039756	3352.1483782259	2652.63098431069	2907.59502711398	3495.73088465009
Sobic.005G177800	1175.88663775503	1257.28758483142	1099.92992690304	755.92171892276	825.961632098888	953.226165106106	789.700580303544	1144.56601646386
Sobic.006G125900	1897.12347337995	2265.26898705625	1634.21374184623	1929.33486271633	2133.33170084021	2651.04537150995	2313.26741338152	2165.04557182297
Sobic.003G146200	5.09955163270631	23.6883829889623	16.5446048159789	6.89234188374428	3.22012332202296	1.13463562695009	0.493030009666113	0.750890996408867
Sobic.010G193800	1572.17179044135	1316.47816465869	1744.743925385	1468.87104408746	1695.39492904509	1515.14848500488	1578.18937504969	1842.0630310476
Sobic.001G416200	9.96206934666287	0.88998513256877	8.99796129024401	12.5442059102606	11.2704316270804	4.56645339376296	4.39109438162255	7.40528587913229
Sobic.001G390800	2589.79199836002	2186.78527014162	2794.15388772875	2858.4352633625	2941.58265466797	2660.0802930384	2382.92268388031	2678.76272211835
Sobic.003G002600	947.200164364476	652.277002661007	1078.97033351658	765.172553456781	745.458549048315	939.069052339417	1050.1599126761	1216.20584126852
Sobic.006G093700	30.9010027494751	18.6653856678324	29.274375449604	17.296059898634	19.3207399321377	31.7442620389954	29.1888636811076	30.6682657014177
Sobic.001G484800	1538.74253868071	1041.37505724808	2051.03659521733	1353.30107751502	1510.23783802877	936.849363729914	729.550359436135	925.587309304887
Sobic.006G194150	533.000541467757	1034.14433771777	1377.84594991567	931.3809187411	656.905157692683	1545.66144966982	1523.82816059687	958.530743197541
Sobic.008G097900	751.283862596309	1292.71786128622	1134.52801147616	1008.66430923686	1110.94254609792	1136.63913640082	844.692418598227	836.141624571605
Sobic.006G157500	1211.38120664455	1207.32690682702	1745.02490632412	1059.79822516703	1052.98032630151	1328.83448204421	1180.29411220905	1150.18238003155
Sobic.001G330200	5.42780084107725	3.55994053027508	3.33060468120765	8.72556512581718	0	18.2461423379265	20.4907563616441	8.70511023925189
Sobic.006G203400	109.496975166277	210.586246793234	145.51301087755	242.889134564369	175.496721050251	294.655641218628	278.113888870875	239.406525634808
Sobic.003G064200	58.0162939502411	50.0345703175751	2.61826225781129	14.2931996755229	0	32.9520153046407	29.5266832249357	3.15793261312471
Sobic.002G249500	6073.87725643282	4538.0417592067	4171.02470189836	4676.81700779972	4303.69481988368	5751.58893950625	5854.76284694024	5908.92500445386
Sobic.003G008700	34.7185632765781	50.6319440919729	28.5309578431384	21.7766434854249	16.1006166101148	18.0709569737337	12.6681158119657	14.0801226341764
Sobic.002G414500	314.895717658228	302.913830477324	272.78127591426	207.981269825898	185.15709101632	221.749891694587	174.443911907052	197.311862891485
Sobic.001G228200	3533.91296958292	8133.38794434036	2812.57785033308	4019.6379392658	3809.40588995316	5167.50280178256	4101.97658479906	4082.73687019924
Sobic.001G135400	1814.66021832452	1002.87236153248	1744.85000600047	1634.39234790562	1484.47685145258	1313.59619663218	1205.74268626158	1278.25738497129
Sobic.010G146400	663.779243465651	854.927275574287	686.127636355442	732.358729019484	687.496329251901	952.780839347639	864.925017599564	795.856038858995
Sobic.006G144000	1303.2454344672	1418.40724340117	1437.9780355474	1363.32408961717	1467.57120401196	1467.99526354678	1144.37487528602	1090.72049894643
Sobic.003G356200	804.367007870539	787.958685621794	1203.5479082062	1041.20413139208	766.389350641464	1386.91122292717	1258.84681387626	1104.51861900077
Sobic.003G368200	188.557118778872	172.682403799283	214.992079121967	274.11030532551	360.653812066571	357.67769370891	344.263542038428	318.663755010079
Sobic.006G144700	19.3962585604722	26.6509497448396	41.9072782679333	37.9434951993514	56.3521581354018	35.4714520391892	32.8157632127046	42.1968388892806
Sobic.003G147301	37.9535249383268	43.5485162055903	41.3047696239918	77.3546970459108	48.3018498303444	141.432755642047	146.342759845165	81.2071833091951
Sobic.003G380900	15.247614120565	13.3376259304757	3.19444557910192	10.9818422050985	8.05030830505739	70.3003463482378	52.1478940567625	13.9833125066603
Sobic.001G032550	35.2146466373979	68.9925673435784	40.1704796378873	46.3617956718707	32.2012332202296	45.2455736795152	76.8781218463925	71.8180911026825
Sobic.001G294000	1951.17219118694	1929.41207666859	1766.21520189504	1846.61012226925	1619.72203097755	2228.23842775751	1749.45106929053	1464.58796033868
Sobic.001G058700	2762.5966463954	2708.01672523484	3491.91377323479	3278.53179020117	3815.8461365972	3462.4176274549	3541.95993647509	3737.44557098357
Sobic.007G223300	228.279664792428	477.80346350336	281.096862369848	281.117288765924	207.697954270481	331.776595621222	341.453652832214	272.197781740343
Sobic.003G119600	1814.39874068037	1248.7177840029	1405.51201101248	1368.23792307956	1484.47685145258	1220.51073004694	1054.24849755352	1204.63059091601
Sobic.001G281900	1009.32070777922	1005.5666190463	869.683049256262	808.349152504452	834.011940403946	855.74624888901	861.967164659812	956.711820140785
Sobic.001G200200	249.047992524992	302.950283651492	305.862072745311	284.95933486746	305.911715592181	339.627295334892	330.023097980333	299.396113339461
Sobic.005G138000	49.1063701009718	86.207047278612	54.7251637584482	46.5463714086118	33.811294881241	121.18851493751	76.6858207406348	88.2001078483926
Sobic.009G216700	856.402482441136	676.477702017976	1051.94329963278	970.103712512766	887.143975217325	816.212480503535	778.470456602349	761.366779338556
Sobic.001G541166	148.832032033502	95.9482795046449	147.44811897584	135.491424866343	104.654007965746	168.758061397254	226.734735690623	189.418969265603
Sobic.007G063000	3796.44452725493	4706.22235573633	4450.41973011688	3822.56026382396	4525.88332910327	4135.40339256516	4337.12876758241	4682.70574961189
Sobic.010G211200	3.73919197661529	45.9015581290139	2.16904591285528	3.46560609408115	0	8.55894529493909	6.47530143853578	1.76394339409628
Sobic.001G373700	860.422604656475	1409.09835970095	759.756230668146	664.403022049203	619.873739489419	894.612234413064	704.744057771824	657.998100753042
Sobic.002G160700	531.905743913116	638.111132853072	469.662959713766	590.316051726786	653.68503437066	532.801303334073	394.040587785311	383.037702792005
Sobic.003G004500	921.126799316724	970.321566356831	1066.28753341884	934.680128299062	891.974160200359	1014.4972110701	968.36646519037	1070.99539201493
Sobic.005G024400	99.603377728395	94.7656830139051	109.998122573577	124.695390992002	141.68542616901	85.6316971022419	87.3612658079427	98.0284911339833
Sobic.003G058200	190.943191616296	294.013979151636	249.34702054415	278.555716389929	262.440050744871	316.435594711934	305.869916923771	277.370727805697
Sobic.002G368700	1929.88912147453	2004.00317790365	3662.10906750231	2995.12247103538	3664.50034046213	1978.88746771798	2313.73321103528	2894.94097679147
Sobic.003G105800	1.8636835338109	2.0725816233085	5.0233296015921	0.662353667019257	0	0.55748219491237	0	1.50178199281773
Sobic.004G032100	190.45096479005	213.87787808145	156.787021481313	161.916226259408	146.515611152045	267.067847488458	241.076016250117	254.831926634423
Sobic.003G247200	322.217185930857	303.864570900172	336.017758025148	329.783511775397	317.182147219261	293.549577665048	335.916605510659	333.63670668288
Sobic.001G139750	60.1243151063351	123.354566778609	24.6571319429033	43.7067138651628	33.811294881241	60.807189337473	68.024732353194	43.932111730263
Sobic.009G244300	4194.66385987871	959.323845326892	3462.65567392093	4090.8433176958	2853.02926331234	2238.12906473142	2869.8100530744	2068.26474209026
Sobic.010G214000	7644.35149073768	4373.00567582369	7450.89025898429	6954.87970179721	4652.27316949267	8907.27938799702	12282.5632947882	11209.061289607
Sobic.007G013800	300.283429681598	356.245614629728	246.537007262241	351.81721533244	262.440050744871	245.323592179589	274.873900417984	280.057727427404
Sobic.007G209500	82.2102240644758	78.5140945597757	84.0833759343224	100.588838465178	82.1131447115854	128.575553825103	180.959499659085	165.53913389895
Sobic.001G499000	534.407735281605	746.19013968134	569.980614590141	599.814503429574	660.125281014706	699.12590114586	606.690233299471	571.085158399843
Sobic.001G219200	7.47838395323057	30.2230413331705	2.88138833625165	13.4774191141906	0	29.5055740100888	40.6497976950266	22.4891103818213
Sobic.003G021800	14.9075400032005	5.92513351175455	12.3780254060631	14.2988668141538	14.4905549491033	7.97036027461325	8.36110287412474	7.77524005420015
Sobic.003G438400	977.215412313609	936.227253565714	1215.0711702392	1115.19959843338	1413.63413836808	1186.46069541616	1034.32605441146	1134.0092784525
Sobic.003G152400	956.932139567163	1407.59983570076	1201.18665275005	1060.60425200636	1357.28198023268	1445.46986448531	1193.20375708993	1137.63988487102
Sobic.006G124000	397.494760210809	402.555712150859	392.470387700937	636.715458238177	123.974747897884	1043.89176306309	689.075334570693	412.169184765038
Sobic.007G009700	2398.25869821266	2095.5613010709	2560.3061923458	2283.92068817414	2653.38161734692	1719.43065175119	1813.21709227312	2236.08391130414
Sobic.010G079900	1344.9990311049	1117.54776796007	1570.7033903452	1231.50643122066	1342.79142528357	1390.20709942115	1429.65173620266	1593.2167018794
Sobic.009G151200	315.029826771356	487.337141777614	423.452975496244	396.204842772427	433.106586812088	432.859830346656	434.075446983895	532.965323840565
Sobic.001G169200	1392.73663612268	624.188284206254	920.173724793775	626.818121648724	634.364294438523	969.513504217848	775.591215480609	679.546498380083
Sobic.009G075600	108.786779847174	106.335489737299	264.921771842842	184.34189771466	152.95585779609	145.057796871987	199.941386804491	151.671842846873
Sobic.010G006400	40.7017506030692	72.3206518059617	239.435433523142	91.3895190890257	236.679064168687	129.928955138612	167.310476816587	202.16182482139
Sobic.004G150400	732.130856641346	806.416517337846	892.436980845643	709.130054647809	664.955465997741	823.484771660409	736.365911738934	825.768911398628
Sobic.006G090300	329.397430946723	128.536513819295	414.336074100041	309.51621426418	291.421160643078	309.491769262953	474.244887246909	497.013047679883
Sobic.005G142101	117.055361964662	61.0434564407389	52.9855021871779	79.3972189026076	30.5911715592181	155.492797894414	193.123191528741	109.656845808588
Sobic.006G118200	11.816584096287	3.25517811404824	15.9538436439674	5.8441612252474	4.83018498303444	4.53535056834947	10.3559390701793	8.6695170318251
Sobic.010G170900	157.965299811874	188.104762411123	142.153250494901	167.656343442678	170.666536067217	155.678173137785	150.159579907432	166.07037935582
Sobic.010G143800	470.043170413802	534.981724015183	531.423497974154	510.582473651811	590.087598760707	468.299093129388	400.281250902557	441.592349437686
Sobic.008G051700	0	1.18259649073974	2.68610594396491	0.700813106765473	0	1.70859711953691	6.40335731799003	6.29806862253605
Sobic.002G136200	347.492685182058	457.479618150949	402.811378415365	473.302068882048	473.358128337375	447.074131601331	488.017534456094	424.630083506545
Sobic.010G053900	44.5876044593264	47.0841546197536	36.594661399983	40.5115564433206	35.4213565422525	58.6673770946131	92.5506651296243	63.5593032936939
Sobic.001G409500	517.618881420697	670.845179864393	592.20155076936	737.719401049131	991.797983183071	1117.12351441399	994.066564617376	1095.60484586825
Sobic.003G052900	1.5846622287006	2.36519298147947	1.47461601120264	1.98706100105777	3.22012332202296	4.52391898006134	3.89806437195644	4.40853585093706
Sobic.007G081701	4.10116622430666	0.88998513256877	5.16820909967045	9.30935645465672	3.22012332202296	3.42357811797564	4.67358144672848	7.53768921407522
Sobic.003G383700	61.9260393907452	56.5692286617832	49.2813017835435	38.7613300840428	35.4213565422525	39.7672521460828	45.2013919595643	31.7822969154542
Sobic.001G516800	1115.98886649036	791.834553661521	914.217219954482	771.039001419826	534.540471455811	683.511689366359	928.375252357207	1071.23500975964
Sobic.005G116300	119.496332114214	47.6936794522073	97.5915773306032	110.330528710945	111.094254609792	123.312583407035	109.234893431568	95.7716494559238
Sobic.006G223300	1738.01455747579	810.610284816687	1490.7765026859	1324.50668314094	1138.31359433512	1529.84537609059	1234.5160569518	1317.17007551843
Sobic.009G232700	6655.84081593733	5234.14544696366	5894.55890935358	5876.49487632981	6703.49172562129	5990.753846634	6029.07407013826	6761.30807350287
Sobic.010G185300	0	3.55994053027508	3.51669494772329	4.75144312370163	12.8804932880918	3.99434767111154	5.69144268890342	0.625301618906173
Sobic.005G231700	12.2660956786528	7.99771513506305	52.9439838236752	22.2061861906078	27.3710482371951	16.9597041237798	21.568424401129	20.936475149598
Sobic.010G071600	1718.86663871098	1853.00291330692	1525.71088729961	1534.28479644248	1379.82284348684	1846.79883416066	1392.73083420357	1153.85047143391
Sobic.008G104400	831.237601731029	930.040379323346	789.157414903368	787.065751936631	777.659782268544	832.901025155676	744.733190836522	742.672998461522
Sobic.002G105800	559.36418570194	651.143996367321	646.783717524693	530.470495942953	521.659978167719	406.066606149917	401.339826150802	436.594900933034
Sobic.002G141000	769.962275955165	804.941309488936	768.552893920638	787.62644178293	824.351570437877	895.42667769189	922.972994236258	912.923705971404
Sobic.007G138000	2.05058311215333	14.2276110630445	2.88138833625165	4.78990256344785	4.83018498303444	9.66433386641112	11.6449651527136	7.27552781279667
Sobic.001G065300	97.4488479804804	67.8342729689504	122.176423322	99.4798557103082	86.9433296946198	120.224536565786	93.122415458098	92.4966822367075
Sobic.010G199100	364.122149723428	295.098381213099	357.024449354881	328.950381836929	272.10042071094	416.933119264342	469.754873392454	448.044602509613
Sobic.003G231900	72.2746392402331	66.9321367783258	43.4191345120189	35.5609163882416	33.811294881241	34.0510199972109	24.3539672529746	24.8918746128315
Sobic.010G217600	400.071050863529	509.025849491602	462.383642061625	456.981379409137	446.792110930685	386.878980854673	306.333203600145	292.118450526773
Sobic.003G132300	1236.54099753763	676.806766550314	1255.0856846977	900.212984578689	940.276010030703	615.356931786882	1038.41494009551	1182.10233021759
Sobic.008G160500	1075.13386462263	1042.61693008185	994.182819374565	960.135396338583	1009.5086614542	1120.07876871776	1135.33024553385	1335.64979981806
Sobic.003G194500	608.912532895758	668.467835824857	605.040482331245	629.452348293145	668.175589319764	530.897242260217	425.57410810126	489.000767054275
Sobic.004G003401	1802.56417617496	2620.02264619724	2251.71129969099	1884.18745388548	1882.16208172242	1834.10269988227	1738.44921258707	2233.0751517313
Sobic.001G161500	27.5775973159053	26.0900291446094	69.2016925847217	20.2142797802627	101.433884643723	47.1862171360098	92.5098505492259	58.093675763104
Sobic.009G159000	872.501916149779	914.367445074114	1089.57066590559	822.976847382574	677.835959285832	669.183753918736	666.939769791316	700.255925421801
Sobic.003G147500	105.730570809721	142.435060350001	162.536963761957	120.833034493853	132.025056202941	112.078693958304	136.697033499197	133.241864710114
Sobic.010G030100	0	1.77997026513754	3.50750282195218	0.700813106765473	4.83018498303444	0.55748219491237	10.2521937267908	2.87797460813277
Sobic.003G114500	889.161046096982	902.90141532661	945.514512976317	927.629514111718	914.51502345452	894.853762107967	742.342829030346	763.665175214324
Sobic.001G019900	681.92830999634	637.768931297848	694.61603951832	918.785716677305	837.232063725969	1039.05745297034	858.328792500157	860.13089221507
Sobic.003G238400	81.3659196322448	71.1016021410546	76.5154852158208	100.354794909326	54.7420964743903	116.666148050883	150.57992240596	98.9762666196208
Sobic.004G235300	174.483986566195	122.001855475087	253.405685656238	174.170168932263	233.458940846664	145.827141274137	178.86979504892	210.914021183058
Sobic.001G059300	2.05058311215333	0	0	2.10243932029642	0	7.36210401716204	6.21024111374281	5.91713180119502
Sobic.002G330000	3426.71229218393	2736.79099250492	3158.0647519766	2991.88770983316	2181.63355067055	4180.41917137284	4430.4119915142	4353.44486307658
Sobic.004G084600	43.2838918030228	45.9015581290139	41.8628866260059	49.817873896326	67.6225897624821	68.0693445531952	64.2777793175425	75.1559073590863
Sobic.003G416400	1656.53889542565	1317.77110663676	1618.57419920214	1622.39676080183	1610.06166101148	1249.36098882034	1437.87200309347	1684.75796569961
Sobic.003G409900	358.58520538997	400.95899372139	386.648146258188	406.86034252163	478.188313320409	417.28676968476	481.282253973667	444.805589468097
Sobic.001G409200	0	0	1.34764903486801	1.87045008780367	0	1.11496438982474	3.13692177971413	1.51957859653112
Sobic.004G102400	841.401219289187	683.780834914194	849.639518553971	648.397814523026	682.666144268867	610.255225018675	564.539379796165	512.59321887883
Sobic.001G373900	716.092022526384	601.65819559192	816.339616117308	649.28599445246	829.181755420911	717.547579651061	762.949403338235	722.942971184973
Sobic.004G117600	7.35802801638234	10.9724329489962	10.1595200585964	21.4612465054652	8.05030830505739	50.4705377928483	30.5324071438747	18.2620902912617
Sobic.002G245500	27.381528953376	36.1238727288133	40.7786816018441	42.3435470913781	28.9811098982066	41.60530827666	62.404490394244	50.9071309688743
Sobic.010G192432	13.4642274045285	20.4453559329699	50.1982828597308	26.7649212509065	32.2012332202296	22.6557454351065	12.4492311925452	22.1776191613628
Sobic.003G184400	117.444114707394	182.740549499599	128.379224213688	130.647251557885	144.905549491033	180.005548588534	158.955471470512	140.314275301218
Sobic.002G052800	13.9592889352082	16.873264344639	12.3964096576053	13.5968211133728	19.3207399321377	10.2135764124863	11.7312837557891	21.0103068330588
Sobic.009G167400	58.1422039029627	111.614645242432	101.720752372903	98.9021423847711	101.433884643723	91.2915878787689	103.449605563218	107.171586425833
Sobic.002G413700	526.79171124661	288.515118636667	402.808548036573	372.095910024346	399.295291930847	319.337017892876	345.141030843816	360.592631692149
Sobic.006G183301	2.60404133028053	25.450126667016	7.39637830270674	10.7502638372775	4.83018498303444	2.81212992107352	13.1384296642417	11.7850424800828
Sobic.009G184300	13.8216172601264	17.4949402351486	10.1008684982139	30.5394354569728	6.44024664404591	28.9664268827863	60.8626130180496	26.8018492567512
Sobic.004G069600	18.1479924941893	10.6555194747135	14.5562634446895	9.81746149801929	12.8804932880918	15.2854017691072	19.8818436853537	33.1626582196022
Sobic.009G045700	408.450998713304	331.332599429246	405.560106455266	306.730722078926	349.383380439491	355.729610213587	302.973702126964	310.488258110599
Sobic.002G095700	266.198506047928	302.998887883715	303.487444720068	317.520026154171	318.792208880273	361.460985490618	398.333304936036	404.399555616754
Sobic.006G183800	587.565844510953	809.013566387217	635.794806280167	614.299893273707	673.005774302798	796.061932996496	707.007319693665	806.665968820536
Sobic.008G073600	1705.77237588911	1239.34206948337	1992.19071941475	1881.90974084569	1808.09924531589	1767.53450349103	1768.40801709428	2043.69781970253
Sobic.010G213200	814.288468820235	693.948340137013	796.181140943245	802.075256577127	903.244591827439	771.912043943364	944.56943119937	952.896433727701
Sobic.009G160000	1648.02273161584	994.984005919921	1132.55166311762	990.615062202159	840.452187047992	1379.41642062569	1486.12054796497	1475.22083157868
Sobic.002G155200	37.9754250686538	77.904569727322	36.3087088046476	47.5617597659934	62.7924047794477	88.1852059699105	103.582171579563	91.9206017401086
Sobic.002G198500	17.5069969413876	7.69295271883619	37.0846167835778	27.4276857825975	35.4213565422525	33.0102124469211	44.3016505433076	53.7621271329518
Sobic.009G178900	43.379576091744	46.2063205452408	45.08428305509	52.3877415479311	46.6917881693329	38.9590915779272	42.986927753497	47.6237176751196
Sobic.001G230700	79.415605200906	184.605577171127	96.8974550240159	82.1939824616949	57.9622197964132	220.500063073428	177.016074680245	108.53893878069
Sobic.010G047200	0	4.74253702101482	4.40593551186419	2.64900380340521	1.61006166101148	3.96643678514897	3.10512055687141	6.54243342010119
Sobic.005G142300	45.5203526633785	22.2253261981075	24.2345485156637	37.2827849910195	37.031418203264	61.0158528974346	63.5034525303144	39.5931301770812
Sobic.001G287600	1006.59321208085	1518.44600639118	816.551462289376	1063.66242040737	634.364294438523	1441.5414479714	1705.45669638911	1187.44306853941
Sobic.007G189800	105.114131512053	182.849909022102	171.811213791967	120.415973693172	148.125672813056	153.97803829883	221.531927388212	261.105963059823
Sobic.002G312300	101.555505034027	147.177597371016	193.511369338523	164.227964194328	161.006166101148	163.094978681276	157.817931913337	130.122279269896
Sobic.002G056400	129.74302898822	254.134762998824	160.535295594609	142.29789381459	185.15709101632	313.442712116861	293.277469172829	234.588056318798
Sobic.006G118700	2096.58917959262	1941.36201706861	2167.09983923999	1845.26447961369	2059.26886443368	1757.70227916883	1594.88648406546	1538.11760054302
Sobic.004G237300	7.18753773912681	9.7776854002006	13.6491103588048	0.623483362601223	3.22012332202296	5.67184196523495	13.0574004782433	9.92693422707769
Sobic.005G224800	2048.2594550198	1548.35016232041	2695.11861378862	1689.4595461769	2307.21836022945	1747.17096606523	1358.32677835188	1803.99285406213
Sobic.010G181200	394.53653186889	387.962583381308	486.37136513403	378.099491180435	483.018498303444	413.543849326881	401.083994307256	429.378053468592
Sobic.003G049600	3731.67824744414	5230.86300883901	3073.17450662053	3479.19352139254	3165.38122554857	4555.0503955435	3580.44463782665	2650.05070831766
Sobic.002G049200	1178.12217314909	1933.03523740121	1448.26344755043	1301.10635115166	1374.9926585038	1649.04405914163	1351.19411108573	1202.65529875847
Sobic.006G046300	15.3570515855664	9.48507404202962	11.7606313163352	7.36198748736063	1.61006166101148	0.55748219491237	2.64389177004802	1.76394339409628
Sobic.005G059200	431.208065701614	657.264532772799	427.515886176519	493.867739893986	687.496329251901	608.242584169081	569.568350942828	610.78698580535
Sobic.002G372100	1.48071559293925	0	3.44837953177118	1.98665013638595	6.44024664404591	7.94111321913514	15.0264682591245	18.5691954291419
Sobic.003G260300	34.8599129066066	63.1038870059915	55.2528311047245	48.2225549410999	17.7106782711263	66.8714235522002	60.6239927911253	52.395502440557
Sobic.002G153100	329.614545208793	362.469928011096	551.989483218873	436.854120191613	389.634921964778	418.814836762042	341.882193589808	316.134673739104
Sobic.004G145500	1042.6212180505	1162.76032639685	1158.86319504021	1162.25632525268	1218.81667738569	978.267987718136	854.876767334005	910.293922151227
Sobic.002G129000	1380.65282013071	1203.45005282246	1270.84374608138	1309.46103637853	1357.28198023268	1139.06276120334	1094.94550816362	1166.0152460198
Sobic.001G268200	3051.51358052804	2326.50883235555	2881.87404478648	2839.19771405214	3194.36233544677	2188.90470489068	2166.89240717473	2508.79034132836
Sobic.004G256900	18.1853954884565	25.4683532540999	34.9746941609035	26.3329133576927	45.0817265083214	27.7682494354937	36.9819401672372	36.0379875591277
Sobic.010G030200	18.1853954884565	47.0841546197536	48.678013814738	26.2973299706492	32.2012332202296	19.3616263281711	38.7086637807156	40.0504352536176
Sobic.001G099900	1510.12747713686	1579.62411043537	1558.94238630894	1582.94357166702	1700.22511402812	1445.02328360208	1380.68111495949	1572.15601886
Sobic.008G114500	14.0422418777893	7.41249241872114	20.5962723165556	19.9831122771136	11.2704316270804	25.4641638163092	29.1169195605618	24.1122043664361
Sobic.008G152100	55.5106562201217	18.3727743096615	28.3691092829134	29.2167824462934	11.2704316270804	78.1497031845673	67.8082283088615	32.9784971906175
Sobic.007G210801	20.7929993806903	23.4200737469031	18.930652043686	50.7565063231637	64.4024664404591	28.1399312470208	39.0866262222467	57.9179608086579
Sobic.002G064700	220.302357283808	509.623223266	524.490385798827	489.651423232619	146.515611152045	199.609391009367	217.465764849072	154.898839789821
Sobic.003G314100	494.291360551827	517.053942271805	557.663970562553	507.646883973006	427.471370998548	424.364528126194	414.856429886507	405.126179582455
Sobic.006G087100	475.883386075241	404.214171835437	380.342180929091	324.870909263719	367.899089541123	438.228357398348	398.886813425707	465.922567226563
Sobic.002G276000	155.730294666558	96.0211858529801	61.5458304696628	120.978003163607	64.4024664404591	255.275342183569	210.33626183526	157.71967777061
Sobic.001G529200	0.84430443223098	4.74253702101482	3.17653305735819	2.49393345040489	1.61006166101148	2.82036956991074	0.986060019332227	0.625301618906173
Sobic.001G107300	76.342986862366	122.074761823422	74.2296079119991	104.937779079406	103.043946304735	216.354047694283	208.560095134934	192.15867163756
Sobic.001G345100	28090.1983086093	27325.5154674034	26274.8840182753	25632.1101812537	29952.782110627	22857.8831882303	19828.3622900037	19375.8597178617
Sobic.002G256700	1506.92317788727	1557.27628769187	1563.93954593624	1563.51758054763	1521.50826965585	1699.91826576962	1373.25324964182	1285.62715312422
Sobic.001G230000	1408.27558571639	1837.13654809362	1717.39853281289	1536.88205594903	1639.04277090969	1404.33079491335	1205.11059388138	1200.24517708565
Sobic.002G068100	2540.05640540888	2741.18213480714	2420.63042014424	2195.19783713188	2408.65224487317	2214.94054928962	2019.19897168386	2076.77852791876
Sobic.003G194400	6.23928667113446	10.6555194747135	10.7856345442969	14.7616126851238	8.05030830505739	2.84642468593792	5.13481023355188	3.02136058934886
Sobic.002G054600	943.11569464437	935.2213403992	1116.2840612414	1103.05792114301	1102.89223779286	1140.15137350846	1092.67897187279	1207.94659117831
Sobic.002G196200	9210.06927141016	10202.5423165546	9422.99885449491	8362.68404568671	8159.79249800617	7870.45497828259	7312.48440697365	7709.9956439841
Sobic.002G204900	165.536711929019	139.77725601035	202.013013498192	158.978106845838	181.936967694297	153.375126719441	144.528759114328	191.275662795255
Sobic.009G036400	29.8652143468083	162.026884324569	115.355920745519	97.846325231059	51.5219731523673	84.9926349880529	84.9741643957243	68.2775895511183
Sobic.004G051900	323.528496263313	416.357050217117	401.395545536844	438.631967544821	574.792012981098	457.023370976742	533.884306799887	467.946203545505
Sobic.007G224200	2.05058311215333	3.85255188844604	2.61826225781129	3.2336168615884	12.8804932880918	8.51321894178656	9.80839168028035	7.51989261036183
Sobic.003G148000	4008.59127378629	4073.60252892195	4650.47632408869	3918.63609161829	4890.56229532237	4644.47194860636	4054.44349375858	4237.5220271114
Sobic.001G154500	449.502286190545	310.021560479819	639.508141148508	516.74564467229	532.930409794799	456.961607425017	455.113679027541	487.69710009594
Sobic.007G138100	2.32502002517023	16.007581328182	0	0.700813106765473	0	3.9417178386373	4.2699222979211	1.76394339409628
Sobic.010G034500	136.655223377184	119.636662493608	158.197764341917	158.852626843353	99.8238229827117	119.411031319568	117.285503666119	101.186532443981
Sobic.003G060400	134.226256716252	123.452761207885	196.365488892527	129.760998501648	140.075364507999	146.977736598342	183.647121839037	204.33193456357
Sobic.003G330900	331.869112851535	478.046484664478	318.944203796629	380.982453572918	444.377018439168	585.101947869513	487.503953740434	504.087236825571
Sobic.001G527800	3277.43166976231	3562.16945072809	3175.15016391366	2599.91307918584	2863.49466410891	2857.02671829303	2417.76722365169	2260.55555584154
Sobic.010G160900	177.605832807996	82.9518691645637	148.715265955461	152.503973390015	117.534501253838	91.275628181514	77.1545043959321	100.668914901991
Sobic.004G322400	1800.57336843512	2439.07980056744	2029.81058510639	2105.57550573841	2347.46990175474	2517.43148393964	2277.78008693006	2216.69507269954
Sobic.004G177600	652.475855369504	674.418257417553	922.874822657195	750.120125783977	809.861015488774	567.425684178695	527.660584997518	604.57663644048
Sobic.003G406600	7.34161871529547	29.0282937843749	21.0629294534568	15.5397555360536	6.44024664404591	21.474863854584	24.4660542712234	5.91031784375479
Sobic.005G132700	371.933661249743	344.79173594028	396.437097670315	367.977230217149	273.710482371951	285.938569999822	213.225870161221	207.465984278003
Sobic.007G046400	52.679656192425	40.5616473336013	83.0668607987812	53.4092079086153	41.8616031862984	68.3830046239828	117.511243179215	131.712316618818
Sobic.006G186400	796.249122746894	938.976683823199	773.887689552919	764.919376179503	788.930213895625	777.787886480432	674.863031718703	682.735630732132
Sobic.007G086900	719.130418754071	433.779084103931	654.551201328535	563.818765998844	648.854849387626	378.19970356012	378.748922773116	390.77894854023
Sobic.001G398600	219.879514293626	216.487078188876	198.53500653518	237.904447550814	210.918077592504	242.272809410911	262.461016474767	267.25111099387
Sobic.006G090700	201.211277705559	204.892969349371	216.603050932442	225.047720713296	254.389742439814	220.702180664975	201.287167426552	238.189666093579
Sobic.004G332500	114.85721053572	38.8302813006872	60.914966123544	74.4056542197514	48.3018498303444	76.2074265898816	82.3538038815558	71.5067085790967
Sobic.002G374100	3658.35932097368	8511.36792678409	2953.85198528375	5928.27199585064	3271.64529517532	7093.96751793652	6733.37493118744	4606.04276678071
Sobic.002G001600	1034.10765815912	946.705103751371	1010.668575933	791.917108392246	767.999412302475	966.204181440523	946.102202547562	1032.53695231795
Sobic.004G310600	2.32502002517023	13.6180862305908	4.07496574727019	6.11460989748636	4.83018498303444	25.4064862744486	27.5689376688009	6.0181106175441
Sobic.001G029100	483.544519099621	227.55671960232	366.376974363446	344.918121586253	262.440050744871	545.069643457298	741.264783127271	639.058614172307
Sobic.004G336500	30.0466230959107	148.677107336037	29.4981776788011	75.0150122191628	59.5722814574247	96.3833814411905	72.2166777228999	39.6015762516197
Sobic.001G207500	437.493924151202	478.302642848481	471.046498916988	424.265291871528	447.597141761191	511.529825990496	496.857292857354	575.839037864695
Sobic.008G073200	829.251991152335	485.264560154305	1202.05609407047	760.835931798106	825.961632098888	643.885482822242	679.724822129173	826.989062667784
Sobic.009G154200	3.80573561810948	3.55994053027508	4.40593551186419	0.662353667019257	0	2.28575055157463	2.15086176038191	0.625301618906173
Sobic.007G065400	1698.26870782323	1887.60855650121	1571.35003035988	1494.04011669621	1585.91073609631	1693.04581006546	1312.11046541337	1314.43118367608
Sobic.005G207800	0.931841766905453	0	0	0.700813106765473	1.61006166101148	2.83499309764979	6.8820128451264	1.88271881415875
Sobic.004G116600	4252.49257843119	2993.023625208	4218.33966234495	3771.65874799096	3901.17940463081	3515.36711243115	3114.38217914965	3471.35723915891
Sobic.009G260600	2.60404133028053	16.2758905702412	14.1341517472483	28.9434577213517	19.3207399321377	9.59708050619783	14.7530662594712	19.9768125630507
Sobic.006G141000	395.648875947751	275.141039532024	344.669525498345	398.392333298878	305.911715592181	379.187739690948	286.245535278942	273.223156026431
Sobic.001G528200	19.5739893546278	13.9228486468176	15.1595514134949	12.4271841323347	12.8804932880918	17.0708280672101	31.2238427748652	20.3891739029856
Sobic.010G056000	1087.18240666417	1400.32001895582	1530.24643687725	1284.55500344249	1371.77253518178	1483.98840815221	1233.40911086113	1434.58342710722
Sobic.002G244700	21.579928955614	32.2713208403673	35.2295715731698	22.0082218532458	27.3710482371951	38.501821338577	54.730348832522	58.5269892440763
Sobic.009G084500	1152.88103908881	836.542350206569	1439.99288572791	1184.402549853	1152.80414928422	819.497543392538	932.912034904316	1137.98717930672
Sobic.002G204700	111.055331452184	54.8014094547016	70.9242209591123	60.4598220959598	59.5722814574247	58.9042552170378	61.9637406055169	72.7243638780895
Sobic.004G184400	60.1488713614687	47.4010680940364	44.8937505232215	61.1181520830355	25.7609865761837	98.3756155293199	129.374414281137	93.1941834219762
Sobic.007G146400	8033.40043340194	11155.1518623186	6909.87660251791	6466.29545115579	7152.69892904349	7014.35542557833	5970.62829232339	5981.48859463493
Sobic.004G117300	69.7263384725933	93.8756978813364	80.7494365820918	87.417862274941	120.754624575861	107.206772912388	118.600298163827	137.904224584663
Sobic.004G315800	228.237562013074	301.791989276864	302.936961194097	204.188932474596	109.484192948781	225.58263162058	244.790799861389	239.585032295347
Sobic.001G175000	26.0303380814718	24.8588284216461	26.7656393761821	33.8552274720127	28.9811098982066	17.0200540046713	16.6472093699205	18.0694831877384
Sobic.003G214600	2182.60110160226	1935.18072537286	2832.81391310134	2607.3015591657	2968.95370290517	2338.49724518526	2466.52016721255	2911.77853935594
Sobic.004G215800	2555.98648087779	1484.55366500523	3502.58831079009	2679.48777106397	2884.42546570206	1758.48649002574	1856.50133813325	2099.90945799045
Sobic.009G003700	3221.2444871498	2396.48957926097	4024.07920866732	3409.90604962554	3530.86522259817	2296.96213236616	2345.83188998052	2944.56322353055
Sobic.002G320500	1098.40319348686	1145.95339988911	1100.92826330162	1103.7535629426	1093.23186782679	1273.80872664544	1152.35616772341	1222.96447920179
Sobic.008G047300	1231.77978417817	1164.59546940565	1232.42810916758	1137.48255158621	1194.66575247052	1044.94887364779	970.995102659021	988.670736465325
Sobic.006G086400	9.77058537622703	13.9228486468176	5.93967481324783	2.61013349898718	0	1.69716553124878	6.54724555908155	8.02641880920554
Sobic.002G224300	0.84430443223098	5.03514837918578	7.42301122042309	8.02434115437987	8.05030830505739	6.824293059375	1.72977587126155	1.88271881415875
Sobic.009G092400	2588.27779400389	2354.74894605358	2559.85390163207	2471.72071145202	2507.67103702538	2194.35989338558	2148.95403246277	1990.36513023668
Sobic.010G041100	16.8541764795925	18.6532346097766	15.0146719154166	24.4240038301428	19.3207399321377	33.4167086237325	34.7469969630737	42.9640030691772
Sobic.003G393700	2584.35630331143	1148.7084126932	3154.06748029719	1542.49217033182	1883.77214338343	1326.98921129188	1322.84836025094	2015.42655230584
Sobic.001G228300	938.245642440892	1281.64821987278	832.687656246469	879.491344611776	1223.64686236872	1035.82445989464	944.12246757506	1355.84234270217
Sobic.006G034200	3.08637151482014	2.0725816233085	15.6994379614996	7.20650626968848	8.05030830505739	3.41719423907382	3.08769381655844	2.12708361172391
Sobic.010G236400	2170.38031410567	2438.87782916227	1963.3035534043	1849.82749325425	2093.08015931492	1788.9001869247	1694.96875286863	1754.64288632057
Sobic.008G057600	1.67219956337508	5.03514837918578	20.2914637398795	4.05063001693616	6.44024664404591	1.73146029611317	4.74552556727424	4.64191800222905
Sobic.004G031100	87.9835898521572	85.2806089718755	80.5715949817503	85.9348826373023	46.6917881693329	94.3900271074656	154.500031252612	112.166280965005
Sobic.004G301900	3618.15663825344	3496.20939859423	3491.94636129455	3228.52542502783	2832.09846171919	3908.88391835973	3124.83025450689	3023.05055645116
Sobic.010G269500	821.116982409097	715.271530144496	693.379803587035	730.442308803576	698.766760878982	811.523863007136	671.896206504688	663.159802676823
Sobic.008G117000	265.027996067606	102.775549207024	248.374107388472	234.803210424357	268.880297388917	182.886483963255	150.700279391172	159.9639727806
Sobic.010G199200	10040.3827805521	10066.7013506319	11165.3101182722	5580.07876134713	6303.39140285994	5094.39962259115	5689.72802967184	5535.89277066783
Sobic.002G036900	6.43077064157029	5.92513351175455	1.21148993276227	3.3502277748425	0	1.70035747069969	3.19449141773014	1.88271881415875
Sobic.003G139900	2917.03593492798	2993.90244524734	3324.10956908625	3672.50720039514	3666.11040212314	4265.56779261818	3585.89771569898	3245.13114969969
Sobic.001G048600	14.3704910861602	46.5110829614677	33.9085554560181	36.7349879138952	24.1509249151722	31.3163906933736	19.6773335484629	16.2427994533271
Sobic.001G376800	1434.7036145388	1326.90281403034	1331.36398018763	1271.54511804642	1313.81031538537	1207.78528511007	1503.95881118096	1528.52583042727
Sobic.008G039401	98.8092076365717	95.350905730247	113.690136337916	139.153351839099	186.767152677332	135.463395412645	128.854729049911	158.073133982521
Sobic.002G011400	16.454799237634	6.52250728615234	22.6645124409941	21.4656810500806	20.9308015931492	24.5331440399344	47.6923104230682	44.0958308869271
Sobic.001G022600	4312.47463894726	3276.59784603544	3850.10002673267	4034.73829134455	5336.54937542255	4968.47589577851	5261.830100618	5991.74274216362
Sobic.003G313100	39.2127094764566	38.2207564682336	16.7799903823729	102.946779365179	8.05030830505739	244.403113464525	164.534148470954	51.8430193536027
Sobic.009G131600	846.559063196621	766.69625090459	517.812362722631	542.976916272608	511.99960820165	492.043187715494	557.971870362678	619.416781542487
Sobic.003G241700	1188.11077922454	1643.51978814465	1426.70744102074	1217.47368556425	1291.26945213121	1163.40287749469	998.702472098954	1078.16998327695
Sobic.003G064400	333.688268267172	233.628651775574	479.919406768508	465.98864251768	499.119114913558	446.754566729683	360.746176032987	369.750953800331
Sobic.001G341500	412.997386100503	409.029615204787	404.941440636475	444.854971062125	437.936771795122	527.612469632065	512.595604037669	530.170564660714
Sobic.002G076500	2182.69720879561	2394.11124925661	2171.3433110015	2264.37441523033	2336.19947012766	1891.15215651693	1985.48666272847	2097.85577699661
Sobic.003G336600	243.091583693541	246.990579822162	273.380429212779	340.838249180044	236.679064168687	498.145273232319	449.424002963893	327.992031868346
Sobic.003G077600	770.708621652408	629.454302688502	514.297698154434	615.309962453701	825.961632098888	778.059558844666	662.134270373852	642.518864268889
Sobic.004G009600	8862.73810168938	11616.3037384168	9651.22314534892	8598.01499333778	9195.06214603655	11171.9280640364	9072.62372494317	9349.07238142582
Sobic.009G065000	187.526758018812	276.981765087441	312.734118372765	244.567287453442	297.861407287124	430.767600226884	387.638339384915	328.046829016915
Sobic.001G110900	478.850423483353	487.385746009837	704.797495871048	460.3385918834	442.766956778157	376.130930554276	447.344740759606	460.483291071098
Sobic.007G002500	672.626543394633	817.852662422625	874.813402932919	711.206842330759	891.974160200359	758.174974426016	761.534659145514	854.109802852375
Sobic.001G281700	490.895894544343	385.890001757999	608.869455196954	457.695170251851	423.446216846019	434.938982324298	436.07862485481	543.307876255849
Sobic.001G021100	5.39498223890348	10.9602818909403	0	3.19474655717037	3.22012332202296	0	0.493030009666113	0
Sobic.002G263700	1425.66164975596	1864.83446076093	1568.05757680871	1476.2898320546	1780.7281970787	2099.7859893974	1680.05150654359	1725.14153137562
Sobic.002G345300	1423.11395047258	1413.13416342507	1167.0660544248	1464.38578831154	1196.27581413153	1863.91106958453	1422.75530160083	1147.43797859424
Sobic.006G142775	3339.9082872299	4004.86611976238	3153.6319069946	2578.04477791357	3142.84036229441	3154.89490513171	2619.38696578204	2286.33374596842
Sobic.010G080400	2.89488754438431	9.18031162580279	14.7927566054135	7.36157662268881	12.8804932880918	9.09037237382429	14.0783139782015	2.2526729892266
Sobic.003G231700	39.0240602104541	2.66995539770631	35.36431548588	19.2049694261839	3.22012332202296	6.84396429650036	9.03287460550832	2.7769957917837
Sobic.002G202600	10.614889808458	8.29032649323402	12.7273794221993	18.5041563194184	11.2704316270804	20.3452759370202	34.7273330634669	22.1531172970819
Sobic.001G128800	8.37282272586885	6.52250728615234	8.32144391033511	9.2324375751643	3.22012332202296	15.3146488245853	20.6664458255784	18.5896373014626
Sobic.006G199800	8.20691684070672	44.1458899799882	25.8594297498945	26.2576379368876	9.66036996606887	39.8092669593646	31.988781015483	18.8942058676081
Sobic.008G036900	412.704139066866	406.456868271528	257.847392974756	188.247581125188	70.842713084505	375.97280500946	322.968727773127	204.744948084741
Sobic.003G324300	36.0753603707158	121.07541716835	76.2655217987059	58.5837048695253	72.4527747455165	80.4184615458726	87.3984281557595	66.1929131042615
Sobic.001G501600	41.0408028902936	38.2086054101777	31.4002911123947	43.0451819274872	24.1509249151722	53.4748519762089	77.7983422607455	81.073147857154
Sobic.008G143901	595.980885409169	216.18231577265	616.007489844072	500.784067893044	523.270039828731	376.806062158508	448.62245160491	513.621640005369
Sobic.008G057700	15.6269041064899	23.0910092145645	5.61742544462646	15.2312582887402	4.83018498303444	26.63814191751	15.3385193877793	10.4690536333482
Sobic.002G219300	183.162136539969	68.7364091595751	162.992849448959	144.139575281222	143.295487830022	153.998735321145	187.311927109043	150.217758556137
Sobic.001G278800	1519.66475589238	1258.56837575144	1604.40743739817	1150.07253234107	1453.88567989337	1257.8387856648	1258.60722467636	1360.54386275423
Sobic.001G204300	1507.78889635857	1462.02259042607	1553.53947942167	1202.94897042433	1151.19408762321	1049.16206134239	1001.07097045835	1197.89280381283
Sobic.004G242900	63.4358956309115	25.7852667283826	116.479603416457	62.5262671645409	82.1131447115854	61.9923020582862	80.9147850423634	80.8998607775697
Sobic.001G312801	55.9529272855875	69.0411715758019	80.7229677991086	51.4144254455676	40.251541525287	40.9037435429683	97.4718801608325	68.8579474334229
Sobic.003G262200	5810.78046861736	7444.27837748625	6813.65133502614	7215.97149342588	8357.83008231059	7386.46583696996	6249.37997056337	5561.54594137031
Sobic.001G437300	2.4125573598447	17.7754005352636	40.4932007363072	14.7616126851238	0	11.8631598206471	10.1083054856993	7.7616121393197
Sobic.004G279000	19.1408870733489	27.869999409747	20.8681187909686	26.5284974737983	6.44024664404591	43.3418162821595	71.3252779815035	47.5159249013303
Sobic.005G051200	5.09955163270631	0	1.08452295642764	1.94819069663974	0	6.84715623595128	9.9295637639818	8.6695170318251
Sobic.009G010600	901.191678964918	1310.46239119393	1124.417266144	1024.38846652904	1265.50846555502	1197.43145936943	1179.38008816149	1224.73619988136
Sobic.009G015900	44.2986865125094	14.2154600049886	46.0098203925168	35.6439132710367	28.9811098982066	29.0812623660874	40.1385258465582	48.8428963943381
Sobic.004G178500	5194.93526485125	4568.41850095518	6597.75604515354	5899.65622041798	6572.27170024886	5833.85408069814	6207.20543875232	7302.991328124
Sobic.010G222100	5.69041284510067	11.8502670235091	13.5574966961592	13.3215270318467	22.5408632541607	17.505754730404	18.9593861117069	19.7392617229258
Sobic.007G089800	378.760246571318	404.531085309721	319.597718636877	374.357358410812	500.72917657457	421.620366880295	457.521474561546	421.264099579819
Sobic.003G040800	29.6190116438718	32.5760832565941	47.3841023451012	36.1078917360222	28.9811098982066	33.9893339468038	47.0235909494678	36.1525942903572
Sobic.009G145200	1.31022531568371	0.88998513256877	10.3548024508831	1.98665013638595	9.66036996606887	4.00577925939967	3.89806437195644	3.13332205197109
Sobic.004G274400	538.319198816453	540.138875957342	685.43407157792	732.455999135672	730.967994099211	635.15240515865	537.354277311201	565.826963217265
Sobic.002G309200	503.128877648202	552.909505758559	436.718963793368	404.396658202136	405.735538574893	545.99847678413	506.307985970509	456.946811770881
Sobic.004G007900	586.128017251385	987.389247630364	698.654950962503	639.546840392297	801.810707183716	977.922023721106	829.786962357441	712.435562992794
Sobic.006G215050	392.840682487528	615.020123638507	494.380662698679	405.518222907027	487.848683286478	548.476937906237	539.283273902276	519.580375827743
Sobic.003G033000	176.197267078785	147.153295254903	261.454503767297	229.333952777997	227.018694202618	136.566928214182	183.434341735183	196.868152514181
Sobic.009G259900	1220.40134546396	1382.29043216621	1591.48652036511	1567.69291777194	2101.13046761998	1680.95820909696	1706.07166818469	2000.74131931569
Sobic.006G089500	5187.07700478714	4306.84283982215	7894.39213172212	7408.18552038974	7953.7046053967	6462.02003050018	6343.50037450578	6763.68234525099
Sobic.002G291900	5.77336578768173	13.6180862305908	14.4792276327647	9.31058904867217	1.61006166101148	20.0956300567918	45.1272106797247	15.2365610130799
Sobic.009G222200	4732.04357051805	6407.75308511199	5747.56167986709	5690.86348205511	6953.05128307807	4888.19619613224	3607.62652292402	2889.27867358252
Sobic.009G024400	614.142751962769	618.689423691286	615.055292970512	599.973671397619	663.345404336729	537.4517863544	446.476050188083	524.366261868169
Sobic.009G135000	3924.14281721325	3748.71903744811	4382.7356876259	4246.72171063501	4479.19154093393	4332.50382343657	3805.5663252391	3499.99414154644
Sobic.009G102200	10.6103054163646	6.21774486992551	5.82142823288582	13.16727840819	8.05030830505739	11.9418447691485	19.452416121373	14.6290559978871
Sobic.001G095200	215.395495521441	302.352909877094	265.220657839903	203.951686968144	209.308015931492	230.115620234224	185.111087007397	173.669176793112
Sobic.006G096800	64.4900216019519	100.983427883831	74.4995674672181	129.600261010016	94.9936379996772	107.727065371661	123.960025824469	105.566289044931
Sobic.010G104100	1357.0324329319	1632.07050603699	1389.11970179906	1445.78368473018	1296.09963711424	1713.2143889636	1693.21884256372	1776.18316746368
Sobic.001G503200	335.292226707753	496.992330632425	332.553846845858	347.797238326485	212.528139253515	356.827879381818	282.696540967663	240.270792817192
Sobic.001G313200	573.196885865479	596.232241425286	476.961855011046	556.243152382365	262.440050744871	749.265530403161	1029.12239771142	920.036927686881
Sobic.009G013900	429.605065904539	349.058409767455	448.202049371259	457.176552660571	296.251345626112	846.863224494061	837.397604602614	619.964408879717
Sobic.003G018900	253.120809146225	226.569526005304	277.440509514263	224.141221807179	178.716844372274	248.019584262399	231.946071925154	262.039345227505
Sobic.006G127900	34.0447491216026	8.59508890946087	33.0508618047449	38.5690328853117	8.05030830505739	40.6126834946346	15.9928643788499	18.432623405366
Sobic.004G028800	660.603700321489	501.283306575713	721.898935622778	570.194870512564	518.439854845696	595.395977247854	615.757368398323	696.783131518107
Sobic.001G259900	93.0941121630707	69.3459339920288	15.3102883663216	62.7343552484947	6.44024664404591	44.4841719575269	42.9937756596557	4.79628662971831
Sobic.001G447400	763.276186032831	939.744172410379	563.600476390343	666.073234608508	392.855045286801	792.250706661914	655.827810493091	559.665105648232
Sobic.004G300500	16.508611532988	35.5508010705273	37.9418387050525	24.4588504546173	11.2704316270804	19.3007568468596	22.0243637708752	15.760883815637
Sobic.010G262800	475.033622407086	489.580331196119	453.458405890253	518.698754713319	558.691396370983	467.206175347044	645.320634139605	689.498127871439
Sobic.006G121300	659.61936206199	589.30776325846	591.264208298939	624.142921442298	642.41460274358	657.460587083565	700.211025476815	760.809383292483
Sobic.001G233900	0.465920883452727	1.77997026513754	4.02456285306181	0.623483362601223	4.83018498303444	5.06996958668558	3.59815056653753	3.90882360953358
Sobic.010G262200	17.9729178248404	35.5386500124714	51.2967478023478	50.9504469805821	33.811294881241	71.6803156703692	77.7006297250263	65.4666326690062
Sobic.001G486000	739.80615220762	948.254203913449	833.70166795012	793.058105845578	722.917685794154	815.891829304466	644.867354369795	630.262244002078
Sobic.005G058900	192.752334997233	237.81026819636	232.06407625159	185.611470090957	188.377214338343	188.936992264095	212.460324958288	195.868869943894
Sobic.004G273000	7.15013474485962	9.76553434214471	3.90678800249829	7.98505998529003	12.8804932880918	6.2128448624729	12.7203960329046	9.6757554720723
Sobic.010G268200	624.445642313466	480.545339284572	632.253562031088	557.131962044249	518.439854845696	702.804233774732	825.35474025221	955.716488865586
Sobic.002G141200	72.3677827971411	38.4647635941811	80.646743874481	79.3206259210123	127.194871219907	60.5195438603343	66.1791455232052	80.1200818343017
Sobic.006G006300	99.7191492731498	56.2523151875006	99.6259118931814	67.6683826890074	59.5722814574247	47.6823102491909	66.213927295934	89.358974102158
Sobic.010G178600	995.261591122129	1555.42997958984	1687.13398228078	1563.72934270698	1835.47029355309	1315.32821006784	1446.87099670767	1527.01752449103
Sobic.004G096400	1499.21296785219	1741.96183270519	1865.37746305288	1736.60362350391	2099.52040595897	1829.77998096367	1759.58849893034	1888.13306712334
Sobic.004G354301	691.160580300387	536.359230417231	675.925883733345	552.525961358402	547.420964743903	484.770079989526	497.961192858534	630.822152626138
Sobic.001G126200	1265.41622873536	1418.8264549041	893.532890442101	1140.16592824599	967.647058267899	1260.21951174898	939.268459151308	1041.69433509184
Sobic.001G316300	0.84430443223098	0	3.17653305735819	2.02552044080399	0	0.577153432037723	0	2.26365563549976
Sobic.001G301700	1762.91114841961	1702.77210922702	1572.14421169244	1682.11776205603	2096.30028263695	1652.89398667928	2025.1440326941	2488.3404119545
Sobic.002G148400	1048.38559363362	1339.66736830253	1100.94905943899	998.770339724023	1062.64069626758	1113.04652051603	817.284028883152	744.563026729988
Sobic.004G273800	9.87453201198842	26.9678632191223	33.5650588946302	10.6733449577851	3.22012332202296	6.20779715308659	11.6593396352433	6.82239142509315
Sobic.008G083000	928.638677523288	884.674453713619	909.89343537109	1014.96111464983	974.087304911945	1183.17585870234	914.303181997385	989.452473616306
Sobic.001G235100	8.84332800141499	14.4959203051037	8.50753417685073	15.1146473754861	28.9811098982066	16.6130382274401	27.7127542019955	22.4084647409202
Sobic.007G225100	802.201188952511	1046.57982745763	987.690501956922	941.148424682706	1044.93001799645	1040.78254596759	1000.83830434368	973.456107529143
Sobic.003G272300	1020.60614315332	675.928932475802	875.483394431115	998.66718031482	990.187921522059	789.283420124679	776.846059765213	837.671281359773
Sobic.002G279100	181.971360723986	94.4730716557342	230.478047136804	137.439204698311	109.484192948781	122.588675097187	118.014845035519	152.448976521533
Sobic.007G005300	1918.35968344047	2688.58894054402	2496.98861148287	1976.70525239975	2254.08632541607	1822.68839506107	1905.60628584973	2286.18389511016
Sobic.003G393300	1188.06032639222	1478.04330877714	1538.31632989021	1081.48875478583	1252.62797226693	841.871824721137	847.428522676208	1136.0778068486
Sobic.007G111600	722.918926339866	745.409514071275	539.798503426955	421.331388134797	516.829793184685	479.654174833593	520.636105972104	474.95094709031
Sobic.008G042700	131.004141793637	98.8743930863544	194.443576017995	183.401784778084	167.446412745194	152.930104637474	138.960797376317	141.650852457759
Sobic.007G030900	269.576451634372	159.076468626749	190.627261521379	290.572328589558	212.528139253515	381.815830538166	297.389057039232	228.446097137722
Sobic.003G281200	80.0412132827608	135.924704121904	88.9464362998179	99.7118449428008	51.5219731523673	101.788065735508	82.8588995065608	80.7278042432397
Sobic.003G423200	39.5180999109938	37.61123163578	28.1316726625924	42.2285796368112	37.031418203264	45.5044917015957	66.2253212285776	58.9446411212257
Sobic.003G060800	12.0290617599031	6.21774486992551	2.05079933249327	1.98665013638595	0	6.84396429650036	14.61751969324	3.28352199062741
Sobic.002G422300	84.9090432463306	133.254748724198	93.618832561145	68.8389263661638	38.6414798642755	164.474718663839	202.11816039584	136.05873109503
Sobic.003G253500	259.934778514653	222.997434416973	307.98341457045	383.368426331522	299.471468948135	504.774500474282	430.970838044355	338.409939387317
Sobic.002G290900	5.66941915192038	3.85255188844604	4.10159866498654	4.6745242442092	4.83018498303444	2.83180115819887	1.56846088985707	1.50178199281773
Sobic.004G161200	82.8603884014641	33.4660683891629	75.6151656067149	67.1615102396603	62.7924047794477	79.0397473485002	89.2614417260615	108.579203559741
Sobic.003G067300	1289.86966278961	1021.91541596488	990.345828424849	1109.90720204637	935.445825047669	1161.01597358331	1598.70181816577	1466.48163880934
Sobic.004G237100	1074.24770204056	1161.41319763994	1142.83316069533	1055.19982013631	1167.29470423332	1045.68508405305	902.727419176109	1007.34004399679
Sobic.002G375300	1622.43718081235	1408.02610869755	1670.8021244251	1490.51342344794	1796.82881368881	1405.28502866938	1329.1245634229	1486.55171713363
Sobic.001G240400	215.369980622801	230.349171545414	239.204161952635	174.907798020088	260.82998908386	170.777180586156	130.92523330699	180.52835875524
Sobic.005G010100	0	4.14516324661701	8.7169226900599	1.3242964693667	0	0.577153432037723	0.864887935630777	0
Sobic.009G049300	4087.31971681079	3315.28527253394	4311.17441527389	3860.04746118024	3899.5693429698	4385.20530275766	4068.30496960927	4409.7095308654
Sobic.008G028700	1149.13911395722	1821.28085499114	1525.33136239227	1183.05280882193	1299.31976043626	1385.24487628926	1087.24931513969	1063.37658177089
Sobic.010G221400	862.929544345817	671.894114716517	909.625316962034	832.502381764459	822.741508776866	673.83303564871	678.75401641124	700.024137646994
Sobic.005G045700	548.463908915302	553.147437355479	723.954983163905	611.927175214721	700.376822539993	475.147848688978	573.988057861233	588.217665402123
Sobic.010G208300	22.3695146553442	5.62037109552771	29.0529318693994	21.1519275288082	27.3710482371951	15.8606994312096	9.34716289345696	10.1686537560355
Sobic.004G234600	8.20691684070672	12.4476407979069	6.77898421297883	8.72433253180171	8.05030830505739	8.48211611637309	11.0913132472482	8.39372771566608
Sobic.002G280800	52.8045965213666	32.3199250725908	60.4977684212542	33.1050315129111	30.5911715592181	23.7757575343175	41.6411471314359	32.9141247332041
Sobic.010G194900	2471.26086174472	1904.5143301607	2232.97986497314	2734.79992081356	2088.24997433189	3305.31867202291	2932.72622460193	2462.48778484434
Sobic.003G417800	17.2489693294576	22.4936354401667	24.1259657908713	26.2179459031259	25.7609865761837	37.2847892232547	31.501040422894	14.6849823807619
Sobic.007G173200	1999.34846664992	1151.0502895234	2592.06587493939	1907.09340929912	1951.39473314591	2259.26004952667	2511.50336288496	2161.95852250284
Sobic.003G324500	24.7729032310021	84.0980124811358	27.1571476203526	42.2216799041649	20.9308015931492	44.4549249020488	41.6782377713558	30.0717433324981
Sobic.007G181500	77.194531811497	135.704999112069	60.2723543054953	139.579777560457	24.1509249151722	230.013235416576	238.152897808921	83.8535165800071
Sobic.006G109300	2282.28046090515	2134.39519298855	2036.29081357203	2049.81605961504	1969.10541141704	2230.77872312121	2299.07895480889	2440.29197450739
Sobic.007G149750	3.90968225387083	1.18259649073974	2.37304870111465	7.55954096005075	1.61006166101148	17.6612688574714	19.6978125465591	14.7817925082781
Sobic.006G084201	59.7704878126904	32.6003853727059	41.417794614137	47.3654388873187	30.5911715592181	70.4143652624435	64.1062606910384	62.7948930792772
Sobic.005G015450	1153.91160294778	924.309662740484	1229.31528512609	1012.51736371776	1121.40794689449	985.533260622279	865.370497117227	993.992753235028
Sobic.001G363500	2481.32809228497	3249.11799969067	2907.13660752644	2634.37495560058	3179.87178049767	3009.08850800648	2686.99750393269	2595.07283610594
Sobic.007G047900	16.0262813484484	27.5530859354643	14.0663080610947	13.9445995297761	8.05030830505739	24.4868980863619	16.5979814067648	10.9577832284785
Sobic.004G311400	2215.03723372429	2855.43126823795	2715.61871686995	2280.44552516249	2405.43212155115	2384.03168565211	1948.47610920523	1822.04334598452
Sobic.001G472600	6039.88158139053	5186.98838599557	7258.44401534196	6472.4718432471	7482.76156955085	8021.60565263294	7150.42842555082	7366.00957931839
Sobic.002G312800	489.825653244836	757.89459400818	539.591441000305	649.393629246363	658.515219353695	660.333971207207	694.179590805171	633.122563919017
Sobic.010G169200	37.5151104074345	12.435489739851	9.44670590540154	1.32470733403851	0	0.55748219491237	0	0
Sobic.004G066600	1550.27547841245	1134.56684500137	1344.14613085815	1129.67484170712	1291.26945213121	1326.72595483975	1390.16999365512	1401.28939347603
Sobic.006G012400	928.094682061967	790.226670138826	1080.29369639469	897.85186379143	1061.03063460656	729.454319794074	673.99628880035	780.564592108279
Sobic.007G193300	20.9389334028123	10.0702967583715	5.8626390013231	9.15551869567186	12.8804932880918	19.2550304937071	17.5378657207246	17.5943815074885
Sobic.007G213600	101.641229494408	185.057138248854	148.950311364356	156.050607010307	132.025056202941	161.961982900342	175.659435379959	183.94022408885
Sobic.007G144000	53.4994043695223	56.8496889618984	74.4123960699252	47.8391081708786	37.031418203264	71.7063707863965	86.9106875631706	69.1023122309881
Sobic.004G111000	808.33267245331	913.373682965655	1052.23801839712	918.555937732519	1030.43946304735	1023.81319206757	1004.69224646711	1066.73655321985
Sobic.006G159100	5.68582845300726	35.5386500124714	5.54038963270173	12.9296220370664	1.61006166101148	13.0403298612988	29.3645531450418	6.76900161395296
Sobic.010G097400	70.3535808491148	61.0070032665712	75.4484030513384	89.0445779883183	90.1634530166428	108.579103230858	108.838153896816	90.9415104327496
Sobic.010G241400	29.0865471189249	13.9349997048735	8.48962165510701	12.074971171316	4.83018498303444	17.6479814992479	21.9751358077196	17.6613992335092
Sobic.001G176900	106.411510088604	169.683383869238	121.906968059013	153.714124134158	128.804932880918	155.450054264618	190.991850252172	193.68158256359
Sobic.010G000800	1218.89939441158	1372.34066002357	1275.83591470063	1231.29187633208	1352.45179524964	1382.63353487709	1203.17832292131	1272.78817450181
Sobic.004G263900	1094.59569720081	1016.14923217268	1043.75029333713	952.721438701992	1093.23186782679	1075.26023956351	1099.93948940138	1170.26227319519
Sobic.007G166100	2895.81338228896	2836.17967388895	3916.28705873145	3444.12610105654	3904.39952795284	3383.59418267002	3442.29606172065	4114.28817522078
Sobic.010G116600	769.34420236283	1050.82318513352	798.44051690165	794.311454408635	936.250855878175	909.261077609674	820.549369478867	879.083553651363
Sobic.003G382300	175.381809321161	131.511231633228	193.702517060522	185.425293378916	130.41499454193	239.422585432521	219.342409511311	210.422570838095
Sobic.006G225800	46.8990498878431	67.4930573785559	54.9898691610171	82.1943933263667	86.9433296946198	76.8274181121215	145.945740466343	136.013787358429
Sobic.007G116150	4.56708710775938	1.18259649073974	3.77062890039255	0	4.83018498303444	1.14287527578732	1.07543088019095	3.52107283075234
Sobic.010G025850	1353.89468409331	2043.61966736102	1595.67831684206	1393.16749981453	1585.91073609631	1361.31081072171	1184.85935770885	1267.02539185932
Sobic.001G190000	239.565597238062	291.941397528328	255.1481776063	248.641818618917	254.389742439814	263.674474582043	243.493360396097	265.222360929887
Sobic.002G404700	6967.51063916854	8182.50167266009	8449.92579868766	6865.01273670889	7993.95614692199	7816.88788993334	6368.00062616583	6599.86003707208
Sobic.001G117800	3413.35185149888	4094.32374857326	4190.19858150759	3728.08699417323	4492.07203422202	3894.5711419481	4263.50332341613	4873.55132828071
Sobic.005G038700	24.8532000487765	25.7609646122708	27.9780727685414	27.619161251985	43.4716648473099	23.8329154757582	23.1686865138287	24.0493553292484
Sobic.007G028100	3332.01361966209	3131.99792542183	3707.56851067635	3116.01134579783	3369.05402566652	2457.3576097435	2656.39508543004	2776.28440322845
Sobic.002G039900	0	0	0	0	0	1.67244658473711	2.15086176038191	3.40229741068987
Sobic.006G250500	332.141852283252	508.075109068755	411.780655733965	446.487679812031	439.546833456134	510.741255614709	513.370984684163	469.561619719614
Sobic.002G305100	60.2674776106569	103.031707391027	70.0262599989987	55.745605817989	96.6036996606887	76.4264892451163	101.120002081118	101.410455369225
Sobic.006G004400	20.5058311215333	5.92513351175455	9.59158540347989	19.5575932518744	11.2704316270804	4.57469304260018	6.13524473541385	8.81290301304118
Sobic.010G257000	103.675403305475	233.006975885065	118.899084476225	95.8893434273624	90.9684838471485	125.589213655007	99.5235032566042	76.3859766355286
Sobic.004G252300	4.56708710775938	3.55994053027508	2.10992262267428	4.6745242442092	8.05030830505739	2.81212992107352	8.68976564460315	9.69355207578567
Sobic.001G288601	13.5097773528423	5.92513351175455	6.49794561279474	3.93484083302569	4.83018498303444	5.16327806292603	6.1208702528841	3.40229741068987
Sobic.001G441400	1172.46626540719	1322.02562940588	1207.67669953009	1198.84946148065	1349.23167192762	1273.27552484138	1120.62291157656	1204.22381298826
Sobic.003G022900	126.298476573649	139.131278003729	59.4103825236022	83.1186524742912	62.7924047794477	106.379238075783	89.2100483115087	44.2460308255834
Sobic.004G129600	769.170149523622	655.325612788105	755.154854573278	698.115831006267	821.131447115854	649.816782912503	689.691684669249	755.874096764127
Sobic.009G202000	99.6460929722758	47.9741397523225	65.7604541247946	57.1059815058456	48.3018498303444	73.9615381129774	86.9228248864064	46.0590866451142
Sobic.007G063200	1205.09141493474	846.429395129273	1330.4685864617	1238.79388004978	1337.96124030054	1201.84139985405	1223.42755720156	1388.21176799484
Sobic.001G144400	13.5973146875168	4.44992566284385	12.201598995117	19.2045585615121	14.4905549491033	37.6859340141791	39.3433448721793	20.3823599455454
Sobic.010G243200	2225.74027333195	2400.10830315187	2056.81050991843	2115.99841557062	1983.59596636614	2157.28072456033	2160.94695608404	2256.14138897688
Sobic.004G140000	43.3640100411705	55.3623300549318	30.1553673475708	38.7172035056658	20.9308015931492	80.6965312046584	56.183742154244	48.7503636525276
Sobic.007G163700	956.935103203604	906.71652807606	915.142023740077	1044.3625357363	1057.81051128454	1042.73779282835	1167.48012640705	1192.16134741091
Sobic.002G353200	18.9047595917458	28.443071068033	58.7295870130736	43.7014575912038	33.811294881241	30.0361845198784	54.4016143541465	47.93763677044
Sobic.004G074700	7.46197465214371	0	12.3460067633969	3.85751108886144	1.61006166101148	1.69716553124878	1.72977587126155	1.13182781774988
Sobic.009G177600	43.4169790860112	37.891691935895	33.2325098059077	41.4492041918661	40.251541525287	33.9316564049432	38.3398581125342	29.0136385013364
Sobic.007G137350	144.161904727128	251.379750194727	157.604611958479	217.485303700543	218.968385897561	198.306993097965	314.137853288661	270.383528591204
Sobic.001G475100	348.495539589558	408.664097498282	486.740715288271	479.148284430655	566.74170467604	433.157203480397	419.478334580854	455.137744987051
Sobic.002G202700	150.632608114505	373.53956942454	85.3336854240961	162.949048960699	38.6414798642755	301.379411938115	261.748774727436	163.838875901377
Sobic.002G293000	1965.4689968009	1022.73249474911	1776.14933907775	1295.07577063994	1098.06205280983	1639.57977843159	1634.1112455652	1682.91304890999
Sobic.002G165700	465.78647975793	517.596636284952	423.894283332525	403.732583094255	457.25751172726	577.290293661418	519.44119792557	566.587856924085
Sobic.002G343300	1356.02518625094	1205.7049003166	1497.89618696647	1341.30093005976	1424.90456999516	1309.99566513266	1302.36047244463	1222.26229905897
Sobic.010G222400	44.0625590309063	40.2811870334862	70.1131238012261	50.2516881971757	70.842713084505	63.3957352021702	72.4385428922066	92.9262212147665
Sobic.007G226600	540.508360040835	319.872152228354	581.525548883121	569.792852802865	466.917881693329	548.308082482918	565.285443862992	562.340010829188
Sobic.001G534700	4572.60039190363	6395.20626391997	4686.06219910714	4765.14154700847	5134.4866369656	6314.14228355943	4762.04009632471	4211.59383966776
Sobic.002G168400	6.04780270069863	4.74253702101482	10.4904898231904	6.54538519668468	12.8804932880918	13.5667092307977	14.5539172475546	10.5946430108508
Sobic.003G286000	3.82672931128976	10.6676705327693	7.21900843216373	8.53203533307064	4.83018498303444	16.9134581702073	22.9006456391496	16.2003922884601
Sobic.004G190900	54.3354464547132	55.6792435292145	83.2824306430209	37.3168098861503	56.3521581354018	42.9598231279406	63.30348492615	71.9938060571286
Sobic.004G241200	691.68802910708	704.347701427723	514.340553371866	652.467437375785	376.754428676686	817.568777166871	690.670419260867	528.962770159613
Sobic.010G079800	24.8750685857868	18.6775367258883	25.4373180524533	20.9183373210155	26.5660174066894	45.1969118332092	53.1475134601352	32.6098113014169
Sobic.001G226000	1702.47963000444	2136.42771082073	1781.41599796198	2035.46133615933	2386.11138161901	2481.12670051809	2263.47176725635	2540.12074651318
Sobic.002G236600	81.574719340914	71.1259042571664	105.537034307086	81.2206663593314	59.5722814574247	117.407055258826	173.381440436103	118.740247600573
Sobic.006G220000	1273.20511227383	1189.84313168509	1244.52169927923	1123.70059600122	1146.36390264017	1270.6871004402	1163.40307887806	1153.46072756776
Sobic.003G003800	839.121581612977	876.421566359382	1198.50908985673	1145.95211930088	1312.20025372435	1019.25258915759	1027.9026816419	1024.85391891494
Sobic.008G020700	184.547167844186	91.2421956577975	168.195599975021	140.579722993858	133.635117863953	127.46935539236	132.16212258438	90.8457134567424
Sobic.006G173500	222.936629768226	213.780669617003	183.742721659565	226.162718568039	195.622491812895	182.898516196719	192.644392585811	211.533956783524
Sobic.006G212900	1060.03924646146	1003.42113107466	1127.79219446887	1057.94151164109	1212.37643074164	1091.30793396063	1200.39957723028	1323.83854048945
Sobic.010G205900	246.274251961609	386.755684774457	405.803203833169	467.313349851718	673.005774302798	577.98586594529	671.786708197702	684.914472037897
Sobic.009G087800	1357.92857174458	1400.03955865571	1842.96959083485	1560.0586821893	1663.19369582486	1716.14831876858	1580.43057317273	1633.94543437714
Sobic.001G449400	958.806129108293	995.228999010702	1072.96324229651	991.236754235871	986.967798200036	876.242922482592	767.137617779946	851.710411552436
Sobic.001G481600	0	3.5477894722192	7.07412893408537	5.41379679072089	3.22012332202296	3.42862582736195	6.19281437342985	6.63659827901004
Sobic.004G170500	31.4781107855893	21.3353410655387	45.9643314934598	41.8739014877617	14.4905549491033	24.4329320843722	58.6707932614753	63.6126931048341
Sobic.007G146900	1531.60566236294	1886.28572986041	1739.69343195504	1524.81086752654	1641.4578634012	1592.05297859423	1500.06856812085	1559.01788095943
Sobic.010G071700	2497.35531873791	3471.9995060737	4862.23082306887	3202.77900102399	3786.865026699	2306.52201604985	3223.60360856475	4002.33785720949
Sobic.001G288100	1052.17303546818	1145.25422106848	850.58900915724	932.58519855758	543.395810591374	944.856698195299	1063.23755339166	757.524851011305
Sobic.001G107400	803.168390053403	623.127198296073	664.421984186037	722.760815689538	790.540275556636	752.745632106469	891.849524416271	931.535447616974
Sobic.005G008800	2625.68320298312	3493.24880376802	3200.51836876302	2826.15851473547	3125.12968402328	3205.27953386115	2799.61239703992	2866.74786995142
Sobic.006G267900	341.298308307638	167.488305700541	255.646349093635	234.403258069689	288.201037321055	350.545527252289	435.2624226404	428.953729546521
Sobic.004G196700	1767.29275616451	1906.00661889181	2002.85582706516	1767.0965300979	2078.58960436582	1893.55004310605	1847.00572082889	1974.80380367261
Sobic.007G135900	18.280173340031	10.9602818909403	18.2856815766447	13.6749725868807	19.3207399321377	25.5547999535186	37.6415745753849	31.3604763494718
Sobic.006G259800	204.755934064856	163.526394289592	250.190333041869	203.152496958033	244.729372473745	135.429100647781	111.319772171176	158.593798364962
Sobic.003G250400	2888.7733319302	2401.56627037853	3155.50604358718	2469.18195256322	2627.62063077073	2412.18054473848	2160.15178477171	2215.61034761203
Sobic.003G202600	1317.21022649129	1212.9594289806	1285.55486047478	1263.21544075524	1358.89204189369	1110.22066457745	1015.97469416966	1181.83699031022
Sobic.010G199000	51.2818935420668	13.3376259304757	20.4455353637289	34.79008413463	19.3207399321377	29.5821062199791	42.6779288826254	33.9271771308915
Sobic.010G269100	891.917009350157	846.758459661612	1119.0984384532	986.624853574415	1011.11872311521	983.730221468876	961.252722865944	1044.15400564158
Sobic.009G057600	228.028034446885	336.392049924543	323.029797533467	314.307697382887	365.483997049606	228.010622356648	243.247141884904	261.68744279051
Sobic.002G364700	9.50073285530353	4.74253702101482	14.8193895231298	4.71298368395542	9.66036996606887	5.11569593983811	18.6276710834453	12.9168702978327
Sobic.007G152300	6.9085164340165	1.18259649073974	7.85431504363536	5.2975967421386	0	3.98610802227432	2.73326263090675	1.76394339409628
Sobic.004G133000	1.31022531568371	2.36519298147947	6.23481953435436	0.623483362601223	1.61006166101148	0.55748219491237	0	0
Sobic.001G149000	433.868754031682	482.289842340372	529.534010347221	562.069213498707	582.842321286155	580.480414935988	572.99453598591	602.557378818192
Sobic.010G186100	452.498464245884	366.505731735211	632.141533737374	517.398296489062	671.395712641787	283.66083646534	315.758986238081	498.284276968114
Sobic.002G299300	80.9776394417596	54.1124097624698	93.2856742263082	85.6608211497915	40.251541525287	63.6263745761185	68.5745886102838	81.7803090543922
Sobic.003G099100	513.161462563926	431.999113838794	536.460626101604	517.807043997859	690.716452573924	416.781627061471	490.634562868408	654.714786934261
Sobic.007G062100	423.418979064232	214.085432033229	625.419707559916	415.185607331537	391.244983625789	193.863533791584	229.206604204352	303.925852485322
Sobic.001G439700	5269.63317207258	3468.08833056468	3413.23710348814	3104.19244321991	3189.53215046374	2758.20104605943	3819.11779727227	4760.44864251531
Sobic.001G477700	2108.02298530793	2899.05269079187	2126.06103707172	1977.49352598187	2149.43231745032	2041.40667574716	2156.46729545877	2002.18948219273
Sobic.001G380100	0.740357796469623	9.19246268385869	1.60158298753727	3.34940604549887	0	5.66998619529956	11.3192829321214	5.30281282856201
Sobic.010G194600	6.6340795209996	21.0062765332001	8.43969049069711	3.3882763499169	6.44024664404591	4.52072704061043	9.84019290312309	10.9085621061712
Sobic.001G206300	49.601547024645	55.9961570034972	64.108468243049	50.9516795745975	30.5911715592181	40.3951796406594	43.7170125134889	55.7238594709133
Sobic.009G179700	4747.56332150425	4019.6957011816	4220.72044795621	4048.08859768016	4809.25418144129	4491.59982871297	4440.08944925301	4810.17956366502
Sobic.006G010400	1410.47170446533	1488.83248989046	1058.48549630057	1122.45722002794	1360.5021035547	1099.07727638677	1140.79155308649	1125.8985133167
Sobic.008G023401	12.6864666137916	14.8128337793864	21.3216132665444	19.9057825329494	20.9308015931492	31.7817487433107	49.119935329617	27.6061300643002
Sobic.009G187500	4.73757738501493	10.0824478164274	10.9126015206315	6.66117438059515	4.83018498303444	2.88576716018862	17.5552924610375	16.3191677085226
Sobic.003G370700	22469.6003766805	14282.9666923724	24004.4073754346	19090.728592992	21743.0777011295	16872.6686116109	15985.1016857958	17982.6625114257
Sobic.004G138400	0	0	0	0	0	2.88576716018862	2.59466380689233	0.506526198843707
Sobic.006G131800	5362.22423725109	4565.6404914799	3905.33383349431	3988.68294775829	2959.2933329391	4722.99487339968	4355.17273363534	4124.8449528996
Sobic.004G073100	243.746332422623	261.133133478815	285.963761698598	175.369311297042	228.62875586363	185.286557105536	175.258756781038	202.591479882246
Sobic.004G251300	3837.93246280047	1697.91824075385	3610.63251793047	2915.50733252932	2873.96006490549	2521.72641360759	3648.90857465789	3745.89777742966
Sobic.001G330100	21.1577451461818	16.8854154026948	7.40557042847787	28.5916556250049	11.2704316270804	36.5970247403815	55.3074602859697	16.6237362746681
Sobic.002G236200	427.214818040635	437.728844456824	455.460250080367	402.832318155789	384.804736981743	393.174752057201	419.841994247752	468.020470016457
Sobic.010G217532	269.367945898322	353.972047566082	228.986658760621	256.415262671756	264.050112405882	104.139132832604	168.549388129579	172.690378360724
Sobic.005G059600	2202.99688956378	1994.44322558363	2109.43461491051	2000.99990041767	2080.19966602683	1693.01586119657	1664.07125700954	1695.8035694967
Sobic.006G203100	750.248686658169	833.860243750808	806.57795416183	864.482108307045	830.791817081923	939.510636097372	946.736811931128	904.827966866013
Sobic.008G009700	2189.15978718949	3057.72718853795	2530.85303847261	2375.280906778	2606.68982917758	2756.53614445015	2421.1465613067	2395.74473660289
Sobic.001G386700	3557.8894561993	2787.93262831277	2963.45030446181	2473.07973243699	2807.94753680402	1881.0453647561	1816.68133078338	2540.53877912447
Sobic.005G046100	736.199077890213	842.942360947333	682.312933745388	905.128837214729	676.225897624821	1035.37458906811	889.89520898151	809.11183299922
Sobic.002G290800	5.3284385974093	6.80296758626742	5.49045846829183	6.03686928865029	4.83018498303444	3.38609141366033	3.33003798396134	2.12708361172391
Sobic.006G058400	101.140561741495	55.4109342871553	85.0823068175858	71.9967719755008	37.031418203264	47.8840703298307	69.2834509815872	52.7966637404733
Sobic.004G135200	577.973514687489	610.485140569272	739.387747397558	714.788733440197	682.666144268867	552.855951070599	556.601886802042	566.971079707768
Sobic.003G057366	33.6116468403237	62.2382039895345	43.4749231311771	58.8100269633871	17.7106782711263	81.5937758165888	92.5560262545986	83.7219090028276
Sobic.004G084300	1885.6607758577	1807.08821815502	1676.17035388944	1710.99717489033	1870.89165009534	1561.75310164464	1453.0947762429	1549.57886312989
Sobic.001G384900	434.328340835381	451.968606577925	509.013994517726	480.831134858811	510.389546540639	535.01823501635	491.962446216118	504.513845045975
Sobic.009G028300	34.9356253322876	85.6096735042141	39.6485056116264	64.4221989561419	38.6414798642755	70.0908662191806	42.5234618073797	29.974933204982
Sobic.001G435500	4792.33382306402	1680.19915866713	5334.26194306728	3240.94810033136	2473.85974214414	3181.56755116655	3748.74211818832	3879.05394502511
Sobic.001G001900	1492.88932472979	1625.70136592378	1738.37001868245	1478.10192317071	1627.7723392826	1750.88733929606	1673.78658974243	1728.84237176685
Sobic.001G396000	5897.9273324479	5653.81284803849	5731.31573691607	5509.11738100446	7077.83106180646	4174.70492598601	5412.0284085893	6349.35338878771
Sobic.002G058300	1580.67582438928	2115.37381602014	1453.29864453649	1402.47404716699	1444.2253099273	1444.24599622662	1422.05898935393	1468.10894744133
Sobic.002G241500	249.99715003013	223.984628013989	235.261384771917	231.926263131748	236.679064168687	250.696863264167	364.530881729201	324.18621337818
Sobic.010G004300	2152.96993557722	1538.63520414015	2250.78250159378	2051.5879902706	2353.10511756828	1577.55113636684	1695.0602961684	1957.46767453689
Sobic.010G083900	648.304058183143	720.964807588359	613.390996143754	717.427628575755	983.747674878013	963.825466715208	972.731542733991	1020.70707479813
Sobic.009G252300	263.933695584498	299.60347961961	217.748419963512	234.080961357083	268.880297388917	284.862509528584	271.253105401954	238.39579241511
Sobic.002G079100	1030.48321589712	1142.05224376843	1011.26558049029	911.528247000022	1188.22550582647	1187.05938610652	1190.98743440738	1174.93977701893
Sobic.005G226300	1.67219956337508	0	3.06747860276729	2.02510957613217	1.61006166101148	1.12320403866196	2.92637883515395	3.88421304837996
Sobic.008G131800	2048.63046069814	2616.81607231541	1993.0776145405	2009.51839927991	2337.80953178867	2387.60034498733	2080.54842451308	2032.28449970521
Sobic.001G494300	11.9251151241417	7.70510377689207	21.1399652653816	25.8256300436738	20.9308015931492	18.1546896316214	29.8432086721782	28.1042101886054
Sobic.009G103900	13.7513956636855	6.81511864432332	3.38053584561755	0.623483362601223	1.61006166101148	4.56326145431204	9.59784873572017	3.64666220825503
Sobic.004G178300	677.685818965815	829.71508050419	747.734031923098	759.122154681907	949.936379996772	719.315170272595	727.45830834666	746.345532130873
Sobic.007G130300	528.768100834755	542.040356803038	527.100751435996	448.630717862207	417.005970201973	504.588322077464	450.232822017726	479.420230194191
Sobic.009G105800	1213.95414069749	1386.34856607678	1083.75800384171	1099.52854383894	1213.98649240265	1159.47188934503	1091.26707180168	1194.68870613974
Sobic.003G002700	672.985976910511	902.584501852326	717.340299225994	748.997732365141	834.011940403946	650.251412607021	723.140427068542	826.994461901871
Sobic.008G017600	0	0.88998513256877	0	1.9093203922217	0	5.08459311442462	3.10512055687141	2.38924501300246
Sobic.004G107300	185.60383454704	231.019451668148	209.460606582404	169.417493214546	177.106782711263	229.82744844884	187.688324073976	180.024695218748
Sobic.006G177200	634.624518410565	594.488724334316	644.223274265566	550.599143718841	642.41460274358	557.32456117133	667.385505515963	641.105521810275
Sobic.004G296900	22.8354355387969	61.5800749248573	15.5680287198121	27.6155484367132	25.7609865761837	64.1534186764628	46.135986856447	27.2947475407144
Sobic.008G035501	88.8425538978152	49.168887301118	42.824566939186	45.0682371802603	53.1320348133788	64.0712448198347	71.0889666217701	81.0663338997137
Sobic.010G051800	9.23812085128013	1.77997026513754	6.31185534627911	4.05104088160798	4.83018498303444	1.68892588241155	4.86669765097569	4.75387946485129
Sobic.005G028600	1984.85800130546	2307.40403666805	2133.44299508418	2042.51112533072	2658.21180232995	2663.06820198559	2550.72238539613	2564.64019625257
Sobic.001G052800	270.298829021721	342.896330623612	192.770146246317	191.490477940679	230.238817524641	250.023664931188	194.619564882258	173.205962213772
Sobic.001G252200	468.588454531393	573.02579715919	485.469597773095	524.628241170861	497.509053252547	537.975486677043	506.267099682214	544.966454751019
Sobic.001G248100	1012.44425857635	1117.01722500498	1131.00567205207	973.407192556853	1048.15014131847	975.524980428763	870.311447755938	910.997023356505
Sobic.006G254600	806.26121104097	596.914672606075	951.89083377681	754.435367400972	758.339042336406	767.308839369625	647.175670742826	669.316620318033
Sobic.007G188701	6.89210713292961	8.58293785140496	4.78683644086808	12.4271841323347	9.66036996606887	16.5051062234606	26.6229488392748	24.2131831827852
Sobic.005G209100	3.91426664596423	0	4.02456285306181	3.34940604549887	1.61006166101148	4.5074396823869	7.38941733732226	8.82388565931436
Sobic.002G252100	2818.31264131169	3069.75315292085	2808.55224653035	2870.81968096064	3123.51962236227	2718.7221581807	3047.87513602834	3204.63518897052
Sobic.006G279100	4593.66761357724	2504.77318214653	4633.14609370627	3667.51708277793	3416.55084466636	3594.28855549398	3618.93013605645	4084.77617597499
Sobic.001G079300	0.84430443223098	9.76553434214471	3.00835531258628	4.01175971251812	1.61006166101148	19.949691748077	13.8594293587809	5.06526198843707
Sobic.001G090800	1168.2124217154	1406.25828949046	1404.5501117769	1211.56506530066	1441.00518660527	1591.91668018953	1414.19679889383	1234.28217329335
Sobic.001G538932	11.101804385091	16.5685019284121	6.38889115820383	2.57126319456914	11.2704316270804	3.95181325740994	4.37366764130957	0.750890996408867
Sobic.006G065800	694.834341034832	708.005836387274	703.609086813412	697.507294736199	721.307624133142	646.062721227186	720.905620292655	745.762458023701
Sobic.010G000600	6003.32548379687	4640.26656694189	5800.61388848811	5001.13560686346	5208.54947337213	7305.47677163232	5839.41134410179	5773.91913583325
Sobic.009G032000	1.68860886446196	4.43777460478797	2.16904591285528	0.700813106765473	3.22012332202296	12.510758552349	6.51015491916174	4.29657438831483
Sobic.004G254000	197.222422013511	141.361823381764	138.004747741461	152.93204257006	82.1131447115854	182.529500016398	280.311963546327	227.195385203037
Sobic.009G140700	981.328314157095	844.124957438073	966.257200554162	858.416675829559	817.911323793831	798.257182290024	761.08391734162	859.63765962256
Sobic.003G416700	1615.35155702898	1553.55739744203	1614.40989264195	1368.21106091154	1614.89184599451	1540.09727589997	1247.63504051466	1305.78695974134
Sobic.003G441900	653.617046122972	692.979866109496	693.868639488267	623.917541543341	629.534109455488	532.229197611422	514.814167373269	471.844772171227
Sobic.006G080300	1127.90416200297	1163.57641921626	1199.25675303138	1109.11237264578	1219.62170821619	1266.72773238827	1060.92062248722	1079.79232394135
Sobic.008G123200	9.20071785701296	5.32775973735674	1.66070627771827	7.16804682994227	1.61006166101148	4.51567933122412	2.43334882548784	3.38450080697648
Sobic.006G256200	97.9639967671937	72.2477454576267	104.350981686327	91.7340955548289	61.1823431184362	67.9287104001644	81.453990757402	92.9768570604268
Sobic.003G407300	2324.81577092749	2660.46278295028	3199.68041689161	2869.39527916247	3125.12968402328	2865.46909352282	2567.2308621883	2958.20152137488
Sobic.004G251100	0	0	0	0.623483362601223	0	1.72002870782504	2.06149089952318	1.76394339409628
Sobic.005G043600	1.20627867992235	0	1.15236664258126	0.623483362601223	0	1.68892588241155	5.32792643779908	5.50893915009311
Sobic.006G256500	1030.90992091202	861.619897673222	1116.55149801289	983.819779660972	978.917489894979	1212.59732204111	1193.69672936673	1230.04113682391
Sobic.004G261700	540.023373731488	527.435076975431	640.606638653558	572.031132756288	581.232259625144	369.087878516167	514.443363306571	513.719430068748
Sobic.003G084400	3.53129870509258	0.88998513256877	1.90591983441491	0.700813106765473	0	0	1.07543088019095	0
Sobic.010G003700	40.7208160289628	6.81511864432332	28.8818911834032	19.2482742752174	6.44024664404591	13.1469256957628	28.6148044854431	21.6941801034471
Sobic.010G169900	2373.61903602046	2910.58703030593	2694.29817269128	2546.19299251443	2645.33130904186	2580.63344226371	2367.82880519054	2333.43227515194
Sobic.001G525900	1091.42397741402	1034.93514245624	1235.2978816042	976.499149729407	727.747870777188	1411.85046500701	1742.72575181453	1394.97061427192
Sobic.003G291800	1636.82820401973	1226.47833481708	1326.76097437415	1286.17044244073	1325.08074701245	1306.98061446659	1569.62493567665	1481.35898137719
Sobic.010G021200	1845.31994607887	1344.36031512649	1672.29391808365	1427.43464124715	1360.5021035547	1348.6752631297	1303.05488163799	1402.49029853847
Sobic.009G184600	185.708803012941	274.763370767462	234.647319409195	195.355299626858	273.710482371951	202.756458269816	193.338808766687	171.785010039954
Sobic.001G126800	2.70798796604188	0	8.86180218813827	2.57126319456914	1.61006166101148	4.51887127067503	2.43334882548784	4.41534980837729
Sobic.007G174800	18.1644017952762	33.7586797473338	20.123757724906	11.9190790889721	8.05030830505739	15.2309161666976	11.180684108107	12.1481826977104
Sobic.007G139000	4.39659683050384	17.7510984191519	4.28768893150218	3.50406553382737	6.44024664404591	3.95500519686084	2.6120905472053	1.25741719525257
Sobic.006G009400	826.76969828731	872.141755509321	790.089445560075	792.534513751545	795.37046053967	744.614831183486	645.052807569394	789.313163265478
Sobic.006G256100	1008.40634934991	1065.89726666111	882.127624394183	913.622143128985	950.741410827278	954.401094655565	866.208337992674	860.938831442735
Sobic.004G027000	1343.55639415739	1245.21761279807	1300.73871871943	1259.82041254288	1246.18772562288	1153.72075507829	1096.51895498939	1156.66321978547
Sobic.004G123400	2225.84634065816	2485.95032570639	2394.51910660605	2103.10267865262	2299.16805192439	1918.04616620768	1745.21854378822	1692.5886973492
Sobic.005G018050	34.8690816907934	23.0910092145645	32.0975839552716	22.3612565436081	19.3207399321377	23.6362031045047	23.1891655119249	25.2262355804726
Sobic.006G008300	122.165282791322	145.77529587044	96.9397733867831	112.105004180005	136.855241185976	186.011882629656	172.753607250798	159.19195285098
Sobic.004G192500	89.3176435654546	123.830429972447	85.5051978398908	107.311488801285	98.2137613217002	121.904406230265	113.921427300021	138.780813655448
Sobic.001G066600	1064.73438842715	496.686582251369	848.401252243161	573.856882452095	360.653812066571	545.827117715496	785.948392909144	895.462046503553
Sobic.005G036400	367.513351414619	284.967329164448	265.155984690039	290.350115142415	284.980913999032	379.081353072579	235.306381509307	218.308650506535
Sobic.002G083400	404.409135613592	365.44464582503	432.064506672202	479.963243262643	410.565723557927	449.930948674716	451.63840244958	424.698331777819
Sobic.004G332100	1596.20409410962	1069.58380733615	1923.87739784581	1411.55633373354	1426.51463165617	2057.78843025099	1867.23177540523	1615.33619156269
Sobic.003G396600	129.174911156666	217.108754079387	185.502785973872	257.562061164721	268.880297388917	239.791385688923	334.294514046956	292.780793292106
Sobic.002G347000	718.715972533072	661.079645522247	605.126349437041	679.427772809247	742.238425726292	771.056287836471	764.147708207003	779.03998096985
Sobic.010G243300	2.98242487905878	10.0702967583715	6.84682789913246	6.6218932115053	6.44024664404591	3.39247529256216	4.1631246967494	3.88421304837996
Sobic.007G132700	1755.66764761712	2317.11899484831	1579.75829362197	1425.01475226684	1532.77870128293	1642.88414108031	1545.35672035109	1605.79794744868
Sobic.001G368300	431.304477847855	345.754627421184	538.344466181554	678.634575835664	624.703924472454	632.565877153401	618.839309251284	720.799253419489
Sobic.003G311000	151.582735243424	141.849837633659	131.124925177632	129.249280643013	114.314377931815	218.630742027925	196.13670406546	197.155175086006
Sobic.009G126300	2198.57128522882	3336.8807156428	2469.64674875917	2212.9336374174	2258.9165103991	2527.18766864926	2251.99593748051	2190.10428385623
Sobic.003G256300	44.5858547716664	65.7070115843905	55.1418017195567	62.3296983701431	64.4024664404591	49.3967716472097	44.36532469689	35.5587171900449
Sobic.003G362900	184.165106340462	266.265490322448	220.242742320946	207.322118109479	255.999804100825	245.14180030475	240.020105853739	240.513308103914
Sobic.009G101400	6403.04609212639	4961.54397856531	5199.79516177606	6320.49479899262	5449.25369169335	5697.42710850821	4324.40930221086	4572.97047898127
Sobic.002G003300	201.348438465571	297.890833156195	177.969140974729	223.394227798677	249.559557456779	339.250869490479	343.487353280961	256.26882590111
Sobic.002G165800	915.743194258377	810.915047232913	755.823824276411	683.175827617825	598.94293789627	671.253930723202	568.871785960124	642.169791278599
Sobic.002G315200	3264.07448863602	3947.61905650158	3475.83798618497	3253.18297986898	3260.37486354824	3609.01717727835	2896.03178295071	2849.1757689412
Sobic.004G321700	242.105814238288	292.118080852553	228.412165661358	274.937094266207	293.031222304089	314.971443924989	309.697012339034	319.078452135826
Sobic.002G135100	188.237131917541	185.117893539134	141.362928799983	195.077540357301	146.515611152045	213.43791323302	191.744651169554	158.956034127953
Sobic.006G107700	52.762609135006	68.7121070434634	85.7795730420455	109.918172433949	105.459038796252	84.7873859992865	70.4145860357965	71.5108772679296
Sobic.010G063200	1889.90731658442	1853.80947972039	2113.88626858103	2007.30397230127	1637.43270924867	2833.78663896231	2890.07416032128	2905.29075617986
Sobic.007G062800	4199.10773812263	5881.027859068	5117.92222815962	4570.63355531549	5161.05265437229	5133.45733905114	4204.62104450357	4291.73253230734
Sobic.004G266800	32.8522236179605	33.1613059729361	35.63710541989	33.971427520595	32.2012332202296	31.1461012003168	55.9375306305686	43.0377260557654
Sobic.008G050600	2.4125573598447	0	1.66070627771827	0.662353667019257	1.61006166101148	0	3.29823676111862	2.75238523063008
Sobic.009G259100	2377.66448071128	1535.68183054784	1904.72086943527	2297.2884547794	2216.2498763823	1550.29294276391	2112.75524873787	2530.05148189394
Sobic.006G193000	51.912813873535	89.4986785668278	37.5482468445217	59.4343320553321	45.0817265083214	85.5844119478296	145.232475484348	77.3450442502343
Sobic.008G033900	1314.49933386467	1597.85008608352	1505.50292980442	1299.04358180178	1412.02407670707	1368.65148917547	1165.94136600902	1046.20750245732
Sobic.005G047200	412.153988105419	384.329736502698	434.631258441475	388.438035457766	468.52794335434	361.437089821027	376.47696063693	405.936094457663
Sobic.001G026200	1563.53900085599	1557.84935935015	1978.67422490183	1803.34939050368	1920.80356158669	1852.32402201955	1621.07457250789	1630.667563894
Sobic.007G046900	249.503505851668	450.980427016078	190.791161135531	225.02989756806	239.89918749071	249.035416419879	261.474206077325	265.731933969183
Sobic.006G280100	827.019400365567	868.898728453328	831.912350247072	743.45722297792	825.961632098888	849.949071091066	753.671476871992	751.845770072069
Sobic.008G020300	13.8052079590395	9.7776854002006	10.2002590972352	7.09071708577803	3.22012332202296	4.51887127067503	7.10693027221633	8.04421541291893
Sobic.004G163500	224.995296647792	101.641556948508	137.194122313374	168.955979937591	125.584809558895	170.163046634573	230.745709166834	236.583138167423
Sobic.001G427500	683.529329319768	571.93433360387	551.17901313915	559.707659783433	534.540471455811	512.231309679431	497.537941518017	488.350167813324
Sobic.009G111200	0.740357796469623	4.74253702101482	17.3514238432453	12.074971171316	12.8804932880918	9.05793337889529	12.1925125426125	12.3899022266683
Sobic.002G369800	381.857918236525	183.106067206105	284.674128359581	200.051174864801	177.106782711263	130.336261176694	187.178825838281	266.724142922705
Sobic.001G044300	3.36080842783704	28.9918406102072	5.22733238985146	4.44212414704463	8.05030830505739	1.15430686407545	4.28429678045084	4.5027007098459
Sobic.003G040500	1.31022531568371	5.92513351175455	4.08368614324281	4.67411337953738	8.05030830505739	8.51321894178656	6.81006872458066	7.55548581778861
Sobic.008G046700	4.56708710775938	6.81511864432332	3.52541534369591	3.89638139327948	3.22012332202296	7.89672303549814	8.1649344120943	15.6870521321762
Sobic.003G218700	494.546527356144	495.565727015738	464.438391255272	418.044853587775	400.905353591858	503.941546622683	410.46756917042	396.306329089349
Sobic.001G161900	330.054888006972	407.45719889143	389.451555322918	347.389216548585	344.553195456456	337.094058349524	287.723138526756	303.652314251851
Sobic.006G204300	78.8021160006647	70.7482354926042	104.179557281915	65.6367842449008	57.9622197964132	64.3990560481446	50.1173175736957	60.9120655682458
Sobic.002G268600	23.230228388662	22.2253261981075	14.3386262653062	24.618355352233	14.4905549491033	44.4302059555372	51.4699461019155	36.6947136966277
Sobic.003G389500	30.1560605609121	60.7143919084003	32.4096977385249	59.1338821679059	35.4213565422525	54.4832205315697	77.1008021141886	83.5943439777812
Sobic.010G015000	107.559360487762	122.958671426963	66.6457241533812	97.4912362173376	69.2326514234936	127.669705156078	99.45047641036	60.3867296141797
Sobic.001G037000	1068.5197459844	765.964229526748	1301.90807509856	938.94935894787	718.087500811119	835.511975517811	677.38395415519	811.092559270503
Sobic.001G081200	1864.9675465024	1674.54677123916	1772.90358697386	1607.81990886574	1495.74728307966	1619.17511059796	1547.03775623945	1387.46787513397
Sobic.001G478400	4026.23884962207	3522.60714804956	4031.77052753016	3296.13870879164	3450.3621395476	3096.25697749723	3462.30508398575	3775.66438777184
Sobic.004G317000	3.15291515631432	12.728101098022	7.10123358160021	11.412206639625	8.05030830505739	19.2646063120599	21.2980746592589	12.3695690512203
Sobic.003G046400	4.74216177710833	10.0702967583715	17.759429419764	17.1397569516183	19.3207399321377	18.6925005894084	12.7347705154343	7.39165796425185
Sobic.004G097700	4.29265019474249	4.74253702101482	9.39677474099163	5.22067786264617	14.4905549491033	6.81286147108688	17.6332693892527	10.3256676521321
Sobic.007G052000	29.0373192156642	44.1337389219322	33.1440607355354	29.8414559195228	27.3710482371951	47.7949222003871	36.4900287372181	40.8547160611667
Sobic.005G207500	8144.80266695498	9933.19438758305	9412.95225536964	8366.31013260642	9188.62189939251	9209.53550536857	8527.32127269715	8746.99509661418
Sobic.002G001500	115.62332499709	164.672537606164	147.097317207875	110.083181521247	91.7735146776543	108.552528514412	84.3925069157918	103.235615683411
Sobic.006G001200	35.5346334987287	28.7235313681481	70.5564826914338	40.1629562975738	30.5911715592181	41.4301229124672	54.8197196933807	37.5178042593991
Sobic.002G114000	13.3228777744999	19.5310686842894	22.7420199827173	24.4248255594864	16.1006166101148	20.458255650386	24.4342530483807	37.3090326692607
Sobic.010G147000	448.107179664993	417.271337465799	442.063461787669	414.537749052296	495.898991591535	423.899733552967	331.636176086481	350.853809789144
Sobic.010G275700	10256.9402060896	8104.84028383394	9976.23393980973	8010.02413657593	8992.19437674911	6034.56913434949	5937.75277054908	7575.69029668546
Sobic.006G015600	80.580011887461	48.5593624686643	146.825503295896	98.9138875267048	54.7420964743903	93.1227405300242	140.664061441813	114.565889658692
Sobic.004G237900	0.740357796469623	6.51035622809647	5.05043424910693	1.3242964693667	3.22012332202296	3.95819713631175	5.16661145639459	12.4145127878219
Sobic.010G194700	1536.19987963486	1498.41477239694	1468.12100634791	1340.90352785989	1413.63413836808	1192.59036774354	1118.22799058809	1131.77491233571
Sobic.009G211700	3395.49474071836	3910.11915631797	3456.46378866285	4112.37294985358	4625.70715208598	4276.0113163598	4779.83750120247	5050.10298091322
Sobic.002G355000	2342.61623184496	2119.31142531498	1974.92383328718	1828.29690146108	2123.67133087414	1782.8825833848	1630.52278003892	1759.25214187303
Sobic.004G057700	3.06537782163985	3.85255188844604	2.35513617937092	2.68746324315143	16.1006166101148	6.81471724102228	23.8435105029955	6.64341223645027
Sobic.008G103200	4036.34056721122	3609.00401567528	4099.19099420986	4170.95783509628	4506.56258917113	3688.35548141966	3567.61855407171	3631.89156711141
Sobic.002G036100	12.9773128278954	24.578368121531	5.49045846829183	12.6215356544248	8.05030830505739	21.102662442637	15.2749169420939	4.41534980837729
Sobic.001G165700	3.25686179207568	9.19246268385869	2.68610594396491	2.72592268289764	0	3.38423564372493	2.52271968634657	1.25060323781235
Sobic.004G298400	4.46314047199803	11.2650443071672	8.28561886684764	3.31176833509629	8.05030830505739	2.83499309764979	11.19811084842	5.14163024363253
Sobic.010G105200	15372.2575084231	20003.5556853642	18294.7882880849	16351.4923642099	18464.9921593101	20114.8870395885	16848.6566849491	16634.6435543233
Sobic.001G109800	1612.37919639098	1674.62723206377	1781.57013338813	1703.23381045739	1745.30684053644	1465.05669775678	1366.17405208751	1421.80512930646
Sobic.004G332300	2690.12595263617	2224.35495903903	3008.12587325138	2581.55658498035	3255.54467856521	2804.98346620668	2762.16375416969	3266.90857005717
Sobic.003G316500	4032.63298116737	4100.40077031071	3866.55193552543	3671.21089864229	4079.09121817258	3596.33370327847	3034.89122254624	2952.00226335315
Sobic.007G092000	1094.79525139965	521.924065402407	1345.34423501122	863.349407772627	798.590583861693	1333.88109585701	1324.86763894298	932.201147730536
Sobic.006G055200	3743.76026184661	4016.06384026782	3888.9252471935	3584.74984688526	3872.19829473261	3841.01254427741	3394.55529115874	3468.60827279688
Sobic.001G164800	2.32502002517023	3.55994053027508	0	1.40162621353095	0	2.23816842848671	3.29823676111862	0
Sobic.001G356800	50.1321986752987	77.2950448948683	8.54874494528801	18.1498890350407	9.66036996606887	11.3107253351211	17.8695807489862	13.4275651855093
Sobic.004G191901	27.0405483988649	23.7005340470182	12.119649188041	6.07573959306833	1.61006166101148	16.5976386529837	17.4083519621628	17.479774776259
Sobic.003G096300	755.595462823952	664.847140004302	650.994009812371	569.502452726929	418.616031862984	622.810009535929	484.270206231387	450.502095793891
Sobic.002G411600	5571.02538667527	6600.84143377559	6776.51442968963	5781.21090917154	6823.44131936665	6514.18876566281	5526.2505682644	5094.31183661394
Sobic.004G270800	305.389672553311	365.956962193036	355.981301301624	283.732636055483	269.685328219423	284.737059026091	287.081674249513	268.013780394315
Sobic.002G272900	288.282602131775	234.847701440483	459.530465967219	249.734947585134	236.679064168687	336.625788369725	405.919034151182	359.135793435933
Sobic.010G247900	10.8391923810676	13.0328635142488	5.94839520922045	4.08950032135419	1.61006166101148	11.3564516882736	8.77913650546185	8.30637681419748
Sobic.002G222300	735.237084626213	664.590981820299	820.673397249965	738.603897165721	698.766760878982	700.280039212597	734.573570631684	796.714280455777
Sobic.010G112100	2060.09550292732	2374.53157634009	2291.27629816838	2071.04365835059	2209.00459890775	1998.3397035593	1695.21116175641	1572.69247365094
Sobic.004G074600	119.556657068948	67.5295105527236	131.210713947964	119.592967501297	80.5030830505739	105.147501387965	112.083295338507	119.792334232058
Sobic.004G088501	2297.38156690189	2973.2636583503	2703.1949717544	2980.21219518506	3012.42536775248	2554.03411296877	2647.39708967783	2830.63451373473
Sobic.003G362600	1491.84395817733	1820.22584460999	1558.0712136149	1675.96304391882	1732.42634724835	1880.47536464548	1635.1908639324	1525.62790944369
Sobic.007G125300	10.2574999528601	9.18031162580279	7.73606846327336	9.85592093776551	4.83018498303444	4.57150110314927	2.73326263090675	4.13956049221828
Sobic.001G451000	3217.4614697842	3829.3725444505	3678.11627450283	3280.8444649897	3315.11696002263	3393.60172752872	2820.24951324974	2643.34082922548
Sobic.001G297500	4652.67149821042	4596.2875144001	4375.68128289896	4205.137822948	3720.85249859753	4644.45708622818	3894.22238055186	3415.75272175417
Sobic.010G170600	70.7171893914726	390.983933497805	35.3516245543531	85.8315974212401	30.5911715592181	93.3835953667964	120.218130432634	149.221815701272
Sobic.001G204000	4944.17605608699	5095.24306713333	5122.80337752616	4110.66319313071	4625.70715208598	3711.80627527671	3628.91626636711	4188.13287233762
Sobic.010G001100	1529.50707078645	2588.27579278293	2048.05552764439	1867.32978371791	2096.30028263695	2414.43092771705	2018.23454333805	1906.85961526108
Sobic.007G106400	30056.3735026616	22541.4750370066	19587.2745896677	22404.1336099398	17873.2944988884	24432.2008331683	21413.9135863945	19827.1437467919
Sobic.002G341600	130.934648054716	101.300341358114	143.676546615851	125.795419690865	85.3332680336084	144.18846314602	226.721998392589	178.862456033914
Sobic.001G335201	376.232977859682	248.874327063189	365.240842569896	353.459536918745	281.760790677009	359.461328322747	355.829946937698	344.041404466639
Sobic.004G284600	356.282980951999	649.071414744012	382.49721973089	426.118025844216	333.282763829376	577.735693756816	396.702049711466	399.655645646667
Sobic.004G065400	5.66941915192038	13.0328635142488	1.21148993276227	0.700813106765473	0	1.69716553124878	0.493030009666113	0
Sobic.001G393200	1.48071559293925	7.40034136066524	3.32141255543655	7.98547084996185	19.3207399321377	4.56645339376296	12.2243137654552	8.79510640932779
Sobic.007G038700	211.145508364219	325.078401385153	264.824235600581	208.39175679183	246.339434134756	256.636767221997	252.079380697311	291.330660296458
Sobic.001G051400	727.102727014848	885.442928265629	719.504246334564	689.650627948188	822.741508776866	764.010873843656	670.94119733009	666.248792571858
Sobic.002G035500	13.2143467466451	31.0887243496275	15.9809482914822	14.1000807474482	8.05030830505739	14.7210160948732	21.9493673925463	23.3681273274675
Sobic.006G027200	4299.32023790614	3766.42662119923	4081.61902318146	3717.85125324971	3967.19193273228	3407.29487904313	2994.2372916259	3041.80466234357
Sobic.010G157300	224.801947596703	266.253339264392	214.277267151679	211.31611758019	252.779680778802	294.11513071146	403.624826391644	331.043361651365
Sobic.004G249500	1394.03847271805	1609.40379788954	1538.76938519842	1076.33154429863	753.508857353372	967.325887220155	1120.83617349237	1378.79012775734
Sobic.002G192000	48.1398968575993	74.4175355453821	20.8777826465382	35.3301597497643	20.9308015931492	70.5826471473144	77.201566907691	44.2256976501354
Sobic.004G110400	19.1910214137562	10.6798215908253	23.1137287859501	7.83081136163335	6.44024664404591	13.0948154637085	15.1855460812351	15.9738240946083
Sobic.009G173800	16.3171275625522	20.1405935167431	13.6670228805486	25.8280952317047	22.5408632541607	53.8808285526004	59.9235438025791	36.7889872524093
Sobic.004G210101	1586.81069187241	1380.47105083242	1372.27334649396	1488.31115576251	1254.23803392794	1312.61907919704	1165.95270919632	1022.28617748828
Sobic.001G057700	3975.86992514871	6169.13591725979	3872.89234194848	3304.93867538808	3972.02211771532	2951.19299877194	3450.266356377	3827.41433422729
Sobic.007G036700	923.697843465203	1068.79300259769	1134.35112961663	1063.93222209135	961.206811623853	1163.63192089891	966.240764882847	1034.80000375971
Sobic.005G005000	121.134806638268	124.41565268879	119.611262764888	153.314993508835	120.754624575861	236.348136333822	165.503460420186	127.626254634613
Sobic.007G202900	1016.01184366562	1243.19462137182	1382.04945317703	1135.65326705731	1300.92982209727	1142.22795431531	966.776774924308	1004.88166000474
Sobic.006G179800	6746.41494924876	4807.68985401273	5433.24296567877	6056.39994865477	6152.85063755537	5037.15213566605	5432.8544787919	5548.20253187025
Sobic.004G267400	170.197670451207	255.353812663732	269.496664424342	177.096932005225	185.15709101632	157.390481797193	157.125745904238	137.65884663559
Sobic.002G224500	72.1415519572447	112.918752313731	61.5493292754187	63.3019448274397	78.8930213895624	84.8033456965409	110.718601194948	67.984003631246
Sobic.004G034300	797.863933609424	1055.49182984137	1022.12227060583	983.412261808662	985.357736539025	1056.58980254067	930.732697035429	926.511910257479
Sobic.002G401500	6230.28619427597	8002.09347358475	6292.80110326889	5540.89503326874	7047.23989024724	6070.1278027126	6236.16687335205	6321.93324443749
Sobic.006G026250	769.447715113692	1140.12744677146	838.363456896281	788.017092120349	967.647058267899	682.000121710226	710.197950742639	772.857893200325
Sobic.002G337300	1853.80744148918	1544.9734736258	1758.20342599714	1612.57609735321	1593.96104440136	1483.40676042575	1485.21173463907	1509.45482097248
Sobic.007G026300	9141.22443386098	7938.82308238294	8882.97133276706	8040.27388513526	8758.73543590244	7742.18277846311	7186.30439389746	7362.04472874493
Sobic.002G273300	9109.81251309808	6445.85101179247	9265.7672496561	7528.49547293928	7850.66065909197	7459.45365309361	6152.2186932785	6119.11503387401
Sobic.010G212350	0.84430443223098	0	1.27061322294328	0.700813106765473	1.61006166101148	0.565721843749593	1.07543088019095	0.625301618906173
Sobic.003G273300	1038.41020499558	1222.94368236774	704.616371316732	749.908687879219	769.609473963487	869.732114092464	751.595468074145	645.820400256975
Sobic.002G308700	3842.82415178013	5393.61272137785	4968.50745595172	4303.75360958353	5004.07164242368	4569.35709568586	4138.02454310288	4557.73550753586
Sobic.004G086700	1456.17696525313	1086.33654706505	1408.92054017755	1314.93226338147	1278.38895884311	1205.23440145485	1129.78140371793	1145.18074539824
Sobic.008G005000	15.3570515855664	33.1491549148802	15.1915700561611	21.3446355922111	41.8616031862984	49.7671172892213	39.8220003993157	31.6430796230711
Sobic.005G034700	1800.8190357037	2015.59679376074	1601.11278186894	1484.24705217818	1674.46412745194	1927.26304207954	1573.40904674714	1395.80712606976
Sobic.006G017800	181.76364603209	157.4002753375	170.428859195974	152.741303863241	194.817460982389	128.047844993914	125.133169240379	153.259561017806
Sobic.002G380200	3084.12581177643	3247.58663313326	3233.4700159915	2985.67989433951	3337.6578232768	3288.31793752238	3057.63234777931	3007.48595826697
Sobic.004G303600	2.1381204468278	28.1261575937502	7.15988514198273	2.76479298731568	8.05030830505739	9.02311901361101	17.618894906723	16.6493599873307
Sobic.007G032400	755.225163042587	602.352777830764	750.569761281543	818.855670935631	957.98668830183	761.872613694231	782.495194105016	783.482151820497
Sobic.001G137100	6956.68998196462	6232.48085349724	7075.65518051867	6150.54681516527	6342.03288272421	5734.8095337143	5395.18409749601	5544.63580941225
Sobic.008G168300	1936.49930654802	1785.12561865236	1919.06182419647	1653.25857793818	1594.76607523187	1652.15716231683	1522.61083828083	1783.5530600893
Sobic.007G061000	2344.97091697145	2011.25573463799	2133.64111531906	2103.5405644581	2207.39453724674	2083.58478848139	1956.75785419622	1993.39227686011
Sobic.009G034000	23.7554523967089	30.2108902751147	23.8943866252986	26.7264618111603	20.9308015931492	27.7366270096603	34.1645960925488	40.3194106123364
Sobic.002G299100	269.964182546964	312.069839987015	292.83274768766	285.84439781307	342.943133795445	255.623877265494	250.747902849883	256.203515773414
Sobic.003G081000	932.518197299792	983.39646559186	1084.15019679406	988.461037835966	869.433296946198	899.351042285913	788.317572613286	860.707526249935
Sobic.002G411400	2162.87239111987	2178.35619244558	1565.5769301912	1708.16130818985	1796.82881368881	1638.88551168479	1489.01236550016	1611.43404100205
Sobic.002G342700	54.2771651602591	26.9314100449547	27.3693990747861	35.450794342962	38.6414798642755	44.1795275822939	38.6306868525004	40.9844741275023
Sobic.001G456000	13.0438564693896	10.0702967583715	8.66699152565001	3.85710022418962	4.83018498303444	2.82860921874796	2.71583589059378	3.25209747203356
Sobic.003G428000	1309.81629663253	1530.30743850792	1376.70377651952	1217.06108137153	1308.98013040233	1308.47944119622	1045.94598755208	982.845376527831
Sobic.010G274600	204.061010823707	173.511633641572	152.325121327525	222.64080782563	215.748262575538	196.087159737088	234.579349007099	240.8835883696
Sobic.005G104800	379.282635874932	248.185327370958	292.728607228221	235.496882867353	222.188509219584	191.000110207552	226.389396557941	217.362398441123
Sobic.004G351700	364.036719235667	175.55991314877	528.753470869573	322.904125564256	312.351962236227	401.877455711893	457.115161981096	503.021372980761
Sobic.001G222000	191.722121223483	246.039839399314	303.229232636779	296.036751858304	420.226093523996	331.713428270874	290.600961081449	306.590995511356
Sobic.003G365900	0	6.2298959279814	12.4696390687087	3.46560609408115	0	0	2.02968967668046	0
Sobic.001G316900	16.425658590407	18.3727743096615	10.6087364035524	12.0745603066442	9.66036996606887	18.7363711726256	8.57164581868491	6.68581940131727
Sobic.010G153900	15523.3116351128	15207.7601060254	14662.4335542397	15429.929621913	18307.206116531	10837.3429453834	12840.4056923679	12850.2626263803
Sobic.005G184100	102.424187141765	28.1261575937502	69.7312794126253	69.7720546033193	30.5911715592181	84.5922190136426	161.598619849967	104.909562907431
Sobic.002G114400	26.7788428319882	28.735682426204	31.4947677162647	34.632137728927	33.811294881241	47.6868383581573	49.2206284152222	51.4450816863119
Sobic.009G109600	127.658720836747	145.98284982222	130.75957812138	139.650944334544	109.484192948781	147.414296399727	153.09131986756	145.268735416027
Sobic.009G049600	59.1268361350821	34.3682045797876	32.14798684948	32.2957398195533	14.4905549491033	20.8963742530307	24.0480206398863	33.2431951636306
Sobic.004G312700	231.058665399064	160.539525417603	175.72514286631	234.970047982636	169.056474406205	173.578169179792	188.045807517411	199.069209721886
Sobic.004G313500	55.1059667285499	93.5830865231654	71.474243092485	62.4395724996995	61.1823431184362	110.902340486748	84.0115639243745	74.5265457482199
Sobic.001G237600	512.633697824066	486.215300577153	475.722997286169	514.346801207857	549.031026404914	462.885136693219	401.713385981642	382.213783255824
Sobic.004G189100	0.740357796469623	0	0.449216344956003	0	0	0	1.56846088985707	1.50178199281773
Sobic.001G526300	1135.94168742673	1055.18706742514	1306.29051566656	1123.94412494331	1098.06205280983	948.444353889154	904.089804452476	1012.7168349463
Sobic.004G240500	1160.23989102203	1086.39828832016	1346.06402366115	1027.33471257889	1169.70979672484	916.742919689097	882.507120118181	811.790845966654
Sobic.003G303800	326.640267283781	235.640478108604	306.135038702087	314.120160626668	344.553195456456	308.443403753759	259.523315414867	266.565898481354
Sobic.002G354100	0	0	1.02539966624664	2.64941466807703	0	1.69211782186247	3.88063763164346	0.750890996408867
Sobic.007G002200	744.838432341312	778.5465179281	1524.71390469746	1028.08595077842	1238.94244814833	801.379719421152	778.588593897059	907.52521391364
Sobic.002G222400	51.349459013701	53.2897484316233	42.2895943863327	51.1115953368851	78.8930213895624	73.6861407932225	74.8689111678083	69.5392841320765
Sobic.002G154000	3971.97975574464	4691.11691059877	4125.36406405857	3582.70332012536	4366.48722466313	3535.87446820807	3299.92421729511	3397.80667678227
Sobic.010G157100	0	0.88998513256877	0.635306611471637	1.24696672520245	3.22012332202296	0.577153432037723	3.19449141773014	3.13332205197109
Sobic.008G113100	2570.80294550365	2640.33434049159	2704.78289240983	2397.81297562561	2590.58921256747	2206.61722028453	2048.57260290683	2316.2111543193
Sobic.006G015500	193.678685934898	348.059065112384	177.557636592455	162.381763216306	141.68542616901	243.274281194775	169.050449345431	132.538671415787
Sobic.003G314300	150.777762072747	245.234911673137	189.95612986642	177.753944431511	228.62875586363	203.604561957399	173.734606132555	177.526025314859
Sobic.002G354600	2098.8325347909	1486.05218900543	2165.12060419521	1978.81228222901	2416.70255317823	1739.3693541996	1781.21398135216	2019.49453053328
Sobic.006G118100	3.61883603976705	2.0725816233085	2.80435252432692	4.78990256344785	6.44024664404591	6.86363553362573	6.29961197460157	8.18078743669478
Sobic.001G386300	2754.24930727938	4186.0353986535	2858.44901433284	2407.87170631002	2657.40677149945	2438.95299747236	2632.76553310158	2762.47106391567
Sobic.004G265500	1451.13508245035	1811.13059039057	1574.13185207434	1432.73927326625	1685.73455907902	1719.85675526898	1453.94797375225	1399.5681776155
Sobic.004G114200	0	0	0.898432689912007	1.32470733403851	0	6.84715623595128	8.36110287412474	3.66445881196842
Sobic.003G237201	4.11757552539356	3.55994053027508	5.49045846829183	5.25872643772057	8.05030830505739	7.96397639571141	21.6032778817549	7.16773503900736
Sobic.001G036800	421.541573947458	596.646363364016	355.620638980923	315.775729927992	251.169619117791	440.656456285901	318.06439550471	315.018524133
Sobic.001G501400	1330.49779818114	1593.55713821057	906.271603267498	1056.29812040971	1226.86698569075	1548.70804825298	1365.46479089007	1151.29126262089
Sobic.001G009700	6.7006231624938	5.03514837918578	5.68526913078008	8.37696498007033	6.44024664404591	9.03640637183454	8.76476202293213	16.6754939687099
Sobic.003G188300	704.395615787319	1018.19751167988	835.029956711416	750.508440026831	669.785650980775	821.235860041391	624.6495434488	555.662185275091
Sobic.001G234300	28.2422426866939	20.4575069910259	83.8538478226765	43.901065387253	70.842713084505	44.9962314757874	58.3914301620496	65.2374192065472
Sobic.004G156500	1397.24859830011	1527.80858388782	1316.46991350156	1165.43742830892	1405.58383006302	1221.34423387369	1046.43955281616	1140.75461456151
Sobic.001G139200	0	0	2.94003989663417	0	0	0	1.47909002899834	6.39223348144488
Sobic.003G424950	10.1489689250053	7.69295271883619	6.7019484010541	7.09112795044984	3.22012332202296	9.05102989957359	14.8538310529735	6.64341223645027
Sobic.005G073500	496.987318926069	801.661829258775	358.754217810982	400.397565406414	428.276401829053	564.94544833141	488.902222719608	477.767343808081
Sobic.004G270900	40.6879974267891	60.3974784341175	60.9745611435235	43.0054898937255	64.4024664404591	42.9534392490388	39.6750599004409	23.4104257954618
Sobic.001G471600	297.36048650676	251.196498359059	218.10443143366	254.634150464518	236.679064168687	231.627201306006	197.606565613212	208.801000273706
Sobic.006G219000	1272.80355145931	1190.34428295987	1356.81449346384	1116.06688312091	1236.52735565682	1152.72433771163	1076.12994557262	1156.28190621804
Sobic.002G023900	0.465920883452727	0.88998513256877	4.85515185682019	2.0639798805502	0	1.68892588241155	1.47909002899834	3.40229741068987
Sobic.003G376500	251.766055712367	272.434630960151	174.162687030849	216.271129276456	183.547029355309	212.32191635018	187.743584844801	193.874189667113
Sobic.001G405100	9.21712715809984	19.567521858457	11.8206980661131	10.1259587453327	11.2704316270804	18.1249229757235	16.4540931656733	4.00980242588265
Sobic.004G356800	426.899989673101	416.55852863987	497.754983989549	485.608618421185	741.433394895786	458.94976891893	550.751323449563	586.445543982707
Sobic.002G292900	1577.77206203333	1364.67299538567	1612.98826743356	1297.81714434096	1476.42654314753	1274.35668014858	1448.39164470766	1626.54485494928
Sobic.002G373200	244.506483502506	235.47545286002	248.261114960761	213.492695725724	180.326906033286	198.839972270285	185.730506809945	143.280760399814
Sobic.001G502500	1.48071559293925	1.77997026513754	0	2.10243932029642	4.83018498303444	2.85466433477514	0.864887935630777	0.625301618906173
Sobic.002G211800	4990.34283767231	5142.12574333033	4702.24260161403	4252.25246095893	4312.55015901925	4106.77398888935	3763.88919207235	4032.31443192543
Sobic.009G040600	3611.07692490674	3777.93665859718	3354.29072509903	3092.78456849094	3856.09767812249	2927.92391603811	2891.01988164332	3244.74372953649
Sobic.004G023100	1904.50590675892	2430.00934144656	2087.29509389582	1905.86137088972	2182.43858150106	1947.68750877078	1754.53114702016	1672.80382493658
Sobic.006G126600	257.850239577193	323.480696990853	211.689083380506	252.328816430798	244.729372473745	297.489217102006	300.606336322249	336.707212913311
Sobic.004G282200	5.21990756955454	0.88998513256877	1.92383235615864	10.1656507790943	1.61006166101148	8.52145859062378	13.5852839685354	4.9040794035076
Sobic.004G350300	3984.70418847413	4634.25309864915	3902.74475639871	4142.75417110284	3970.41205605431	3795.40604539254	3733.76559439155	3857.90655721963
Sobic.008G012700	8.94727463717634	24.8831305377579	20.1150373289334	25.2029684104162	37.031418203264	40.7596610041891	36.2844000206804	28.9399155147482
Sobic.004G051200	3235.14980265529	4700.74976926713	4393.90056524239	3739.1100938886	4236.0722301212	4418.43942940742	3772.37321700587	3501.46912794075
